Cell info:
========================================================================
number-of-unit-cells: 1 1 1
unit-cell-vector-a:    46.723700000000     0.000000000000     0.000000000000
unit-cell-vector-b:     0.000000000000    46.723700000000     0.000000000000
unit-cell-vector-c:     0.000000000000     0.000000000000    46.723700000000

cell-vector-a:    46.723700000000     0.000000000000     0.000000000000
cell-vector-b:     0.000000000000    46.723700000000     0.000000000000
cell-vector-c:     0.000000000000     0.000000000000    46.723700000000

cell-lengths:    46.723700000000    46.723700000000    46.723700000000
cell-angles:    90.000000000000    90.000000000000    90.000000000000


Maximum changes for MC-moves:
========================================================================
Maximum-volume-change: 0.000500
Maximum-Gibbs-volume-change: 0.000500
Maximum-box-shape-change: 0.100000 0.100000 0.100000, 0.100000 0.100000 0.100000, 0.100000 0.100000 0.100000


Acceptance targets for MC-moves:
========================================================================
Target-volume-change: 0.500000
Target-box-shape-change: 0.500000
Target-Gibbs-volume-change: 0.500000


Components: 1 (Adsorbates 4, Cations 0)
========================================================================
	Maximum-translation-change component 0: 1.000000,1.000000,1.000000
	Maximum-translation-in-plane-change component 0: 0.000000,0.000000,0.000000
	Maximum-rotation-change component 0: 0.017453 0.017453 0.017453

Reactions: 0

Component: 0     Adsorbate    4 molecules of methane
------------------------------------------------------------------------
Adsorbate-atom-position: 0 0    42.849510302496    30.799824525266    19.272153404053
Adsorbate-atom-position: 1 0    43.550823497127     5.590467769946    43.277817598309
Adsorbate-atom-position: 2 0    42.160127899214    16.886884266515    28.016228657578
Adsorbate-atom-position: 3 0    28.165666831676    26.963128554499     8.549340488945
Adsorbate-atom-velocity: 0 0     3.433832705605    -3.954086416814    -0.984654726454
Adsorbate-atom-velocity: 1 0     2.624391351137     0.966859195702     0.458170106174
Adsorbate-atom-velocity: 2 0     0.081681374120    -0.203054411148    -1.188666760659
Adsorbate-atom-velocity: 3 0     2.475937537451    -1.827356814936    -1.245475075846
Adsorbate-atom-force:    0 0     0.000000000000     0.000000000000     0.000000000000
Adsorbate-atom-force:    1 0     0.000000000000     0.000000000000     0.000000000000
Adsorbate-atom-force:    2 0     0.000000000000     0.000000000000     0.000000000000
Adsorbate-atom-force:    3 0     0.000000000000     0.000000000000     0.000000000000
Adsorbate-atom-charge:   0 0     0.000000000000
Adsorbate-atom-charge:   1 0     0.000000000000
Adsorbate-atom-charge:   2 0     0.000000000000
Adsorbate-atom-charge:   3 0     0.000000000000
Adsorbate-atom-scaling:  0 0     1.000000000000
Adsorbate-atom-scaling:  1 0     1.000000000000
Adsorbate-atom-scaling:  2 0     1.000000000000
Adsorbate-atom-scaling:  3 0     1.000000000000
Adsorbate-atom-fixed:    0 0       0 0 0
Adsorbate-atom-fixed:    1 0       0 0 0
Adsorbate-atom-fixed:    2 0       0 0 0
Adsorbate-atom-fixed:    3 0       0 0 0


