7.620000000000000107e+00 2.290000000000000036e+00 2.299999999999999822e+00 -5.999999999999999778e-02 5.999999999999999778e-02 1.000000000000000021e-02
2.290000000000000036e+00 7.490000000000000213e+00 1.830000000000000071e+00 -1.100000000000000006e-01 5.999999999999999778e-02 0.000000000000000000e+00
2.299999999999999822e+00 1.830000000000000071e+00 7.769999999999999574e+00 4.000000000000000083e-02 2.999999999999999889e-02 4.000000000000000083e-02
-5.999999999999999778e-02 -1.100000000000000006e-01 4.000000000000000083e-02 2.149999999999999911e+00 -8.000000000000000167e-02 -1.799999999999999933e-01
5.999999999999999778e-02 5.999999999999999778e-02 2.999999999999999889e-02 -8.000000000000000167e-02 2.259999999999999787e+00 4.000000000000000083e-02
1.000000000000000021e-02 0.000000000000000000e+00 4.000000000000000083e-02 -1.799999999999999933e-01 4.000000000000000083e-02 2.459999999999999964e+00
