8.189999999999999503e+00 2.729999999999999982e+00 2.790000000000000036e+00 -1.000000000000000021e-02 2.000000000000000042e-02 -2.999999999999999889e-02
2.729999999999999982e+00 8.119999999999999218e+00 2.490000000000000213e+00 -7.000000000000000666e-02 4.000000000000000083e-02 -5.000000000000000278e-02
2.790000000000000036e+00 2.490000000000000213e+00 8.269999999999999574e+00 -4.000000000000000083e-02 -2.999999999999999889e-02 -2.000000000000000042e-02
-1.000000000000000021e-02 -7.000000000000000666e-02 -4.000000000000000083e-02 2.560000000000000053e+00 0.000000000000000000e+00 -1.300000000000000044e-01
2.000000000000000042e-02 4.000000000000000083e-02 -2.999999999999999889e-02 0.000000000000000000e+00 2.270000000000000018e+00 -2.999999999999999889e-02
-2.999999999999999889e-02 -5.000000000000000278e-02 -2.000000000000000042e-02 -1.300000000000000044e-01 -2.999999999999999889e-02 2.129999999999999893e+00
