7.000000000000000000e+00 2.189999999999999947e+00 1.989999999999999991e+00 -2.000000000000000042e-02 4.000000000000000083e-02 7.000000000000000666e-02
2.189999999999999947e+00 7.370000000000000107e+00 2.029999999999999805e+00 -4.000000000000000083e-02 1.000000000000000021e-02 2.000000000000000042e-02
1.989999999999999991e+00 2.029999999999999805e+00 7.410000000000000142e+00 -2.000000000000000042e-02 -4.000000000000000083e-02 5.000000000000000278e-02
-2.000000000000000042e-02 -4.000000000000000083e-02 -2.000000000000000042e-02 2.240000000000000213e+00 2.999999999999999889e-02 -3.400000000000000244e-01
4.000000000000000083e-02 1.000000000000000021e-02 -4.000000000000000083e-02 2.999999999999999889e-02 2.000000000000000000e+00 1.700000000000000122e-01
7.000000000000000666e-02 2.000000000000000042e-02 5.000000000000000278e-02 -3.400000000000000244e-01 1.700000000000000122e-01 1.729999999999999982e+00
