2.270000000000000018e+00 1.409999999999999920e+00 1.409999999999999920e+00 1.900000000000000022e-01 3.800000000000000044e-01 2.899999999999999800e-01
1.409999999999999920e+00 2.209999999999999964e+00 1.399999999999999911e+00 3.400000000000000244e-01 2.200000000000000011e-01 3.499999999999999778e-01
1.409999999999999920e+00 1.399999999999999911e+00 2.290000000000000036e+00 2.800000000000000266e-01 2.800000000000000266e-01 2.000000000000000111e-01
1.900000000000000022e-01 3.400000000000000244e-01 2.800000000000000266e-01 5.100000000000000089e-01 1.400000000000000133e-01 1.600000000000000033e-01
3.800000000000000044e-01 2.200000000000000011e-01 2.800000000000000266e-01 1.400000000000000133e-01 4.500000000000000111e-01 8.000000000000000167e-02
2.899999999999999800e-01 3.499999999999999778e-01 2.000000000000000111e-01 1.600000000000000033e-01 8.000000000000000167e-02 5.200000000000000178e-01
