1.164000000000000057e+01 6.599999999999999645e+00 6.339999999999999858e+00 -4.799999999999999822e-01 -1.649999999999999911e+00 -1.040000000000000036e+00
6.599999999999999645e+00 1.169999999999999929e+01 6.400000000000000355e+00 -1.120000000000000107e+00 -8.699999999999999956e-01 -1.449999999999999956e+00
6.339999999999999858e+00 6.400000000000000355e+00 1.159999999999999964e+01 -8.800000000000000044e-01 -1.449999999999999956e+00 -5.200000000000000178e-01
-4.799999999999999822e-01 -1.120000000000000107e+00 -8.800000000000000044e-01 3.229999999999999982e+00 5.000000000000000278e-02 -5.999999999999999778e-02
-1.649999999999999911e+00 -8.699999999999999956e-01 -1.449999999999999956e+00 5.000000000000000278e-02 3.359999999999999876e+00 2.800000000000000266e-01
-1.040000000000000036e+00 -1.449999999999999956e+00 -5.200000000000000178e-01 -5.999999999999999778e-02 2.800000000000000266e-01 3.580000000000000071e+00
