2.930000000000000160e+00 2.200000000000000178e+00 2.220000000000000195e+00 3.499999999999999778e-01 5.100000000000000089e-01 4.299999999999999933e-01
2.200000000000000178e+00 2.930000000000000160e+00 2.189999999999999947e+00 5.100000000000000089e-01 3.300000000000000155e-01 5.400000000000000355e-01
2.220000000000000195e+00 2.189999999999999947e+00 3.020000000000000018e+00 4.400000000000000022e-01 4.400000000000000022e-01 3.400000000000000244e-01
3.499999999999999778e-01 5.100000000000000089e-01 4.400000000000000022e-01 5.000000000000000000e-01 5.000000000000000278e-02 2.399999999999999911e-01
5.100000000000000089e-01 3.300000000000000155e-01 4.400000000000000022e-01 5.000000000000000278e-02 6.400000000000000133e-01 4.000000000000000083e-02
4.299999999999999933e-01 5.400000000000000355e-01 3.400000000000000244e-01 2.399999999999999911e-01 4.000000000000000083e-02 6.600000000000000311e-01
