2.500000000000000000e+00 1.620000000000000107e+00 1.649999999999999911e+00 2.500000000000000000e-01 4.299999999999999933e-01 3.499999999999999778e-01
1.620000000000000107e+00 2.540000000000000036e+00 1.629999999999999893e+00 4.299999999999999933e-01 2.600000000000000089e-01 4.600000000000000200e-01
1.649999999999999911e+00 1.629999999999999893e+00 2.640000000000000124e+00 3.499999999999999778e-01 3.699999999999999956e-01 2.700000000000000178e-01
2.500000000000000000e-01 4.299999999999999933e-01 3.499999999999999778e-01 4.199999999999999845e-01 8.000000000000000167e-02 1.100000000000000006e-01
4.299999999999999933e-01 2.600000000000000089e-01 3.699999999999999956e-01 8.000000000000000167e-02 4.299999999999999933e-01 5.999999999999999778e-02
3.499999999999999778e-01 4.600000000000000200e-01 2.700000000000000178e-01 1.100000000000000006e-01 5.999999999999999778e-02 6.199999999999999956e-01
