2.750000000000000000e+00 1.959999999999999964e+00 1.969999999999999973e+00 2.999999999999999889e-01 4.500000000000000111e-01 4.099999999999999756e-01
1.959999999999999964e+00 2.839999999999999858e+00 1.989999999999999991e+00 4.699999999999999734e-01 3.099999999999999978e-01 5.000000000000000000e-01
1.969999999999999973e+00 1.989999999999999991e+00 2.919999999999999929e+00 4.000000000000000222e-01 3.900000000000000133e-01 3.099999999999999978e-01
2.999999999999999889e-01 4.699999999999999734e-01 4.000000000000000222e-01 4.299999999999999933e-01 8.999999999999999667e-02 1.199999999999999956e-01
4.500000000000000111e-01 3.099999999999999978e-01 3.900000000000000133e-01 8.999999999999999667e-02 5.200000000000000178e-01 8.000000000000000167e-02
4.099999999999999756e-01 5.000000000000000000e-01 3.099999999999999978e-01 1.199999999999999956e-01 8.000000000000000167e-02 4.899999999999999911e-01
