9.210000000000000853e+00 4.320000000000000284e+00 4.339999999999999858e+00 -3.699999999999999956e-01 -1.179999999999999938e+00 -8.199999999999999512e-01
4.320000000000000284e+00 9.279999999999999361e+00 4.230000000000000426e+00 -1.120000000000000107e+00 -4.699999999999999734e-01 -1.139999999999999902e+00
4.339999999999999858e+00 4.230000000000000426e+00 9.349999999999999645e+00 -8.499999999999999778e-01 -9.000000000000000222e-01 -3.599999999999999867e-01
-3.699999999999999956e-01 -1.120000000000000107e+00 -8.499999999999999778e-01 2.709999999999999964e+00 1.600000000000000033e-01 1.600000000000000033e-01
-1.179999999999999938e+00 -4.699999999999999734e-01 -9.000000000000000222e-01 1.600000000000000033e-01 2.779999999999999805e+00 1.700000000000000122e-01
-8.199999999999999512e-01 -1.139999999999999902e+00 -3.599999999999999867e-01 1.600000000000000033e-01 1.700000000000000122e-01 2.620000000000000107e+00
