8.039999999999999147e+00 3.270000000000000018e+00 3.299999999999999822e+00 -2.399999999999999911e-01 -9.799999999999999822e-01 -7.800000000000000266e-01
3.270000000000000018e+00 8.019999999999999574e+00 3.240000000000000213e+00 -9.399999999999999467e-01 -2.300000000000000100e-01 -9.799999999999999822e-01
3.299999999999999822e+00 3.240000000000000213e+00 7.980000000000000426e+00 -7.099999999999999645e-01 -6.800000000000000488e-01 -2.800000000000000266e-01
-2.399999999999999911e-01 -9.399999999999999467e-01 -7.099999999999999645e-01 2.279999999999999805e+00 -4.000000000000000083e-02 -4.000000000000000083e-02
-9.799999999999999822e-01 -2.300000000000000100e-01 -6.800000000000000488e-01 -4.000000000000000083e-02 2.410000000000000142e+00 -4.000000000000000083e-02
-7.800000000000000266e-01 -9.799999999999999822e-01 -2.800000000000000266e-01 -4.000000000000000083e-02 -4.000000000000000083e-02 2.589999999999999858e+00
