8.560000000000000497e+00 3.660000000000000142e+00 3.620000000000000107e+00 -3.599999999999999867e-01 -1.050000000000000044e+00 -7.900000000000000355e-01
3.660000000000000142e+00 8.390000000000000568e+00 3.729999999999999982e+00 -1.050000000000000044e+00 -2.999999999999999889e-01 -1.040000000000000036e+00
3.620000000000000107e+00 3.729999999999999982e+00 8.259999999999999787e+00 -7.800000000000000266e-01 -7.399999999999999911e-01 -4.000000000000000222e-01
-3.599999999999999867e-01 -1.050000000000000044e+00 -7.800000000000000266e-01 2.700000000000000178e+00 7.000000000000000666e-02 2.000000000000000042e-02
-1.050000000000000044e+00 -2.999999999999999889e-01 -7.399999999999999911e-01 7.000000000000000666e-02 2.669999999999999929e+00 -1.499999999999999944e-01
-7.900000000000000355e-01 -1.040000000000000036e+00 -4.000000000000000222e-01 2.000000000000000042e-02 -1.499999999999999944e-01 2.640000000000000124e+00
