2.640000000000000124e+00 1.760000000000000009e+00 1.820000000000000062e+00 2.700000000000000178e-01 4.199999999999999845e-01 3.499999999999999778e-01
1.760000000000000009e+00 2.629999999999999893e+00 1.790000000000000036e+00 4.400000000000000022e-01 2.399999999999999911e-01 4.099999999999999756e-01
1.820000000000000062e+00 1.790000000000000036e+00 2.740000000000000213e+00 3.900000000000000133e-01 3.400000000000000244e-01 2.700000000000000178e-01
2.700000000000000178e-01 4.400000000000000022e-01 3.900000000000000133e-01 5.899999999999999689e-01 1.900000000000000022e-01 2.200000000000000011e-01
4.199999999999999845e-01 2.399999999999999911e-01 3.400000000000000244e-01 1.900000000000000022e-01 5.400000000000000355e-01 1.499999999999999944e-01
3.499999999999999778e-01 4.099999999999999756e-01 2.700000000000000178e-01 2.200000000000000011e-01 1.499999999999999944e-01 5.400000000000000355e-01
