3.870000000000000107e+00 2.890000000000000124e+00 2.930000000000000160e+00 -5.999999999999999778e-02 -3.599999999999999867e-01 2.300000000000000100e-01
2.890000000000000124e+00 3.549999999999999822e+00 2.520000000000000018e+00 4.500000000000000111e-01 5.999999999999999778e-02 0.000000000000000000e+00
2.930000000000000160e+00 2.520000000000000018e+00 3.580000000000000071e+00 -4.299999999999999933e-01 3.099999999999999978e-01 2.000000000000000111e-01
-5.999999999999999778e-02 4.500000000000000111e-01 -4.299999999999999933e-01 1.689999999999999947e+00 1.499999999999999944e-01 -9.799999999999999822e-01
-3.599999999999999867e-01 5.999999999999999778e-02 3.099999999999999978e-01 1.499999999999999944e-01 1.479999999999999982e+00 -1.499999999999999944e-01
2.300000000000000100e-01 0.000000000000000000e+00 2.000000000000000111e-01 -9.799999999999999822e-01 -1.499999999999999944e-01 4.500000000000000000e+00
