4.219999999999999751e+00 3.180000000000000160e+00 3.180000000000000160e+00 -8.999999999999999667e-02 -3.300000000000000155e-01 3.599999999999999867e-01
3.180000000000000160e+00 3.700000000000000178e+00 2.680000000000000160e+00 5.100000000000000089e-01 -1.000000000000000021e-02 7.000000000000000666e-02
3.180000000000000160e+00 2.680000000000000160e+00 3.799999999999999822e+00 -4.400000000000000022e-01 3.499999999999999778e-01 3.200000000000000067e-01
-8.999999999999999667e-02 5.100000000000000089e-01 -4.400000000000000022e-01 1.669999999999999929e+00 1.400000000000000133e-01 -7.600000000000000089e-01
-3.300000000000000155e-01 -1.000000000000000021e-02 3.499999999999999778e-01 1.400000000000000133e-01 1.260000000000000009e+00 -7.000000000000000666e-02
3.599999999999999867e-01 7.000000000000000666e-02 3.200000000000000067e-01 -7.600000000000000089e-01 -7.000000000000000666e-02 4.549999999999999822e+00
