9.000000000000000222e-01 8.399999999999999689e-01 8.399999999999999689e-01 2.000000000000000042e-02 2.000000000000000042e-02 2.999999999999999889e-02
8.399999999999999689e-01 9.000000000000000222e-01 8.399999999999999689e-01 1.000000000000000021e-02 1.000000000000000021e-02 4.000000000000000083e-02
8.399999999999999689e-01 8.399999999999999689e-01 8.800000000000000044e-01 2.000000000000000042e-02 1.000000000000000021e-02 2.999999999999999889e-02
2.000000000000000042e-02 1.000000000000000021e-02 2.000000000000000042e-02 7.600000000000000089e-01 -1.000000000000000056e-01 -7.000000000000000666e-02
2.000000000000000042e-02 1.000000000000000021e-02 1.000000000000000021e-02 -1.000000000000000056e-01 8.000000000000000444e-01 8.000000000000000167e-02
2.999999999999999889e-02 4.000000000000000083e-02 2.999999999999999889e-02 -7.000000000000000666e-02 8.000000000000000167e-02 7.900000000000000355e-01
