1.070000000000000062e+00 1.020000000000000018e+00 1.020000000000000018e+00 -2.999999999999999889e-02 -5.999999999999999778e-02 -1.000000000000000021e-02
1.020000000000000018e+00 1.100000000000000089e+00 1.040000000000000036e+00 -2.999999999999999889e-02 -5.000000000000000278e-02 -1.000000000000000021e-02
1.020000000000000018e+00 1.040000000000000036e+00 1.100000000000000089e+00 -4.000000000000000083e-02 -5.999999999999999778e-02 -0.000000000000000000e+00
-2.999999999999999889e-02 -2.999999999999999889e-02 -4.000000000000000083e-02 1.080000000000000071e+00 -5.000000000000000278e-02 -1.000000000000000056e-01
-5.999999999999999778e-02 -5.000000000000000278e-02 -5.999999999999999778e-02 -5.000000000000000278e-02 1.010000000000000009e+00 2.000000000000000042e-02
-1.000000000000000021e-02 -1.000000000000000021e-02 -0.000000000000000000e+00 -1.000000000000000056e-01 2.000000000000000042e-02 1.000000000000000000e+00
