7.700000000000000178e-01 7.199999999999999734e-01 7.199999999999999734e-01 0.000000000000000000e+00 -2.000000000000000042e-02 2.000000000000000042e-02
7.199999999999999734e-01 7.800000000000000266e-01 7.199999999999999734e-01 0.000000000000000000e+00 -2.999999999999999889e-02 1.000000000000000021e-02
7.199999999999999734e-01 7.199999999999999734e-01 7.500000000000000000e-01 1.000000000000000021e-02 -2.000000000000000042e-02 2.000000000000000042e-02
0.000000000000000000e+00 0.000000000000000000e+00 1.000000000000000021e-02 8.599999999999999867e-01 0.000000000000000000e+00 4.000000000000000083e-02
-2.000000000000000042e-02 -2.999999999999999889e-02 -2.000000000000000042e-02 0.000000000000000000e+00 7.299999999999999822e-01 5.000000000000000278e-02
2.000000000000000042e-02 1.000000000000000021e-02 2.000000000000000042e-02 4.000000000000000083e-02 5.000000000000000278e-02 8.499999999999999778e-01
