5.300000000000000266e-01 4.799999999999999822e-01 4.899999999999999911e-01 -2.000000000000000042e-02 1.000000000000000021e-02 0.000000000000000000e+00
4.799999999999999822e-01 5.100000000000000089e-01 4.799999999999999822e-01 -2.000000000000000042e-02 1.000000000000000021e-02 1.000000000000000021e-02
4.899999999999999911e-01 4.799999999999999822e-01 5.300000000000000266e-01 -1.000000000000000021e-02 0.000000000000000000e+00 0.000000000000000000e+00
-2.000000000000000042e-02 -2.000000000000000042e-02 -1.000000000000000021e-02 6.800000000000000488e-01 -4.000000000000000083e-02 -5.000000000000000278e-02
1.000000000000000021e-02 1.000000000000000021e-02 0.000000000000000000e+00 -4.000000000000000083e-02 6.999999999999999556e-01 4.000000000000000083e-02
0.000000000000000000e+00 1.000000000000000021e-02 0.000000000000000000e+00 -5.000000000000000278e-02 4.000000000000000083e-02 7.900000000000000355e-01
