2.629999999999999893e+00 2.290000000000000036e+00 2.189999999999999947e+00 -1.799999999999999933e-01 -2.999999999999999889e-01 7.000000000000000666e-02
2.290000000000000036e+00 2.560000000000000053e+00 2.310000000000000053e+00 -1.499999999999999944e-01 -3.400000000000000244e-01 8.000000000000000167e-02
2.189999999999999947e+00 2.310000000000000053e+00 2.520000000000000018e+00 -1.900000000000000022e-01 -2.899999999999999800e-01 5.999999999999999778e-02
-1.799999999999999933e-01 -1.499999999999999944e-01 -1.900000000000000022e-01 2.410000000000000142e+00 -1.199999999999999956e-01 8.999999999999999667e-02
-2.999999999999999889e-01 -3.400000000000000244e-01 -2.899999999999999800e-01 -1.199999999999999956e-01 2.359999999999999876e+00 1.799999999999999933e-01
7.000000000000000666e-02 8.000000000000000167e-02 5.999999999999999778e-02 8.999999999999999667e-02 1.799999999999999933e-01 2.729999999999999982e+00
