1.860000000000000098e+00 1.659999999999999920e+00 1.699999999999999956e+00 1.499999999999999944e-01 -1.400000000000000133e-01 1.300000000000000044e-01
1.659999999999999920e+00 1.889999999999999902e+00 1.629999999999999893e+00 1.600000000000000033e-01 -1.000000000000000056e-01 1.100000000000000006e-01
1.699999999999999956e+00 1.629999999999999893e+00 1.919999999999999929e+00 1.700000000000000122e-01 -1.100000000000000006e-01 1.000000000000000056e-01
1.499999999999999944e-01 1.600000000000000033e-01 1.700000000000000122e-01 2.399999999999999911e+00 -1.000000000000000021e-02 -5.000000000000000278e-02
-1.400000000000000133e-01 -1.000000000000000056e-01 -1.100000000000000006e-01 -1.000000000000000021e-02 2.270000000000000018e+00 -1.199999999999999956e-01
1.300000000000000044e-01 1.100000000000000006e-01 1.000000000000000056e-01 -5.000000000000000278e-02 -1.199999999999999956e-01 2.240000000000000213e+00
