2.220000000000000195e+00 2.040000000000000036e+00 1.969999999999999973e+00 -0.000000000000000000e+00 2.999999999999999889e-02 2.999999999999999889e-02
2.040000000000000036e+00 2.250000000000000000e+00 1.979999999999999982e+00 1.000000000000000021e-02 4.000000000000000083e-02 4.000000000000000083e-02
1.969999999999999973e+00 1.979999999999999982e+00 2.149999999999999911e+00 5.000000000000000278e-02 5.000000000000000278e-02 4.000000000000000083e-02
-0.000000000000000000e+00 1.000000000000000021e-02 5.000000000000000278e-02 2.560000000000000053e+00 2.700000000000000178e-01 1.300000000000000044e-01
2.999999999999999889e-02 4.000000000000000083e-02 5.000000000000000278e-02 2.700000000000000178e-01 2.520000000000000018e+00 2.999999999999999889e-02
2.999999999999999889e-02 4.000000000000000083e-02 4.000000000000000083e-02 1.300000000000000044e-01 2.999999999999999889e-02 2.450000000000000178e+00
