2.040000000000000036e+00 1.870000000000000107e+00 1.830000000000000071e+00 8.999999999999999667e-02 8.999999999999999667e-02 -2.999999999999999889e-02
1.870000000000000107e+00 2.049999999999999822e+00 1.870000000000000107e+00 1.199999999999999956e-01 4.000000000000000083e-02 -4.000000000000000083e-02
1.830000000000000071e+00 1.870000000000000107e+00 2.109999999999999876e+00 1.000000000000000056e-01 8.999999999999999667e-02 -7.000000000000000666e-02
8.999999999999999667e-02 1.199999999999999956e-01 1.000000000000000056e-01 2.430000000000000160e+00 -5.999999999999999778e-02 -7.000000000000000666e-02
8.999999999999999667e-02 4.000000000000000083e-02 8.999999999999999667e-02 -5.999999999999999778e-02 2.399999999999999911e+00 -5.999999999999999778e-02
-2.999999999999999889e-02 -4.000000000000000083e-02 -7.000000000000000666e-02 -7.000000000000000666e-02 -5.999999999999999778e-02 2.509999999999999787e+00
