1.780000000000000027e+00 1.620000000000000107e+00 1.600000000000000089e+00 2.000000000000000042e-02 -1.100000000000000006e-01 -2.999999999999999889e-02
1.620000000000000107e+00 1.820000000000000062e+00 1.620000000000000107e+00 0.000000000000000000e+00 -1.300000000000000044e-01 -2.000000000000000042e-02
1.600000000000000089e+00 1.620000000000000107e+00 1.770000000000000018e+00 2.999999999999999889e-02 -1.100000000000000006e-01 -2.000000000000000042e-02
2.000000000000000042e-02 0.000000000000000000e+00 2.999999999999999889e-02 2.370000000000000107e+00 1.400000000000000133e-01 7.000000000000000666e-02
-1.100000000000000006e-01 -1.300000000000000044e-01 -1.100000000000000006e-01 1.400000000000000133e-01 2.129999999999999893e+00 5.999999999999999778e-02
-2.999999999999999889e-02 -2.000000000000000042e-02 -2.000000000000000042e-02 7.000000000000000666e-02 5.999999999999999778e-02 2.339999999999999858e+00
