4.769999999999999574e+00 4.000000000000000000e+00 4.089999999999999858e+00 -2.099999999999999922e-01 -2.300000000000000100e-01 -2.000000000000000042e-02
4.000000000000000000e+00 4.870000000000000107e+00 4.049999999999999822e+00 -1.900000000000000022e-01 -2.200000000000000011e-01 -2.999999999999999889e-02
4.089999999999999858e+00 4.049999999999999822e+00 4.750000000000000000e+00 -2.099999999999999922e-01 -2.099999999999999922e-01 -4.000000000000000083e-02
-2.099999999999999922e-01 -1.900000000000000022e-01 -2.099999999999999922e-01 4.690000000000000391e+00 4.500000000000000111e-01 1.199999999999999956e-01
-2.300000000000000100e-01 -2.200000000000000011e-01 -2.099999999999999922e-01 4.500000000000000111e-01 4.849999999999999645e+00 4.699999999999999734e-01
-2.000000000000000042e-02 -2.999999999999999889e-02 -4.000000000000000083e-02 1.199999999999999956e-01 4.699999999999999734e-01 5.169999999999999929e+00
