5.080000000000000071e+00 4.349999999999999645e+00 4.410000000000000142e+00 5.999999999999999778e-02 -4.099999999999999756e-01 -2.000000000000000042e-02
4.349999999999999645e+00 4.969999999999999751e+00 4.490000000000000213e+00 8.999999999999999667e-02 -4.500000000000000111e-01 1.000000000000000021e-02
4.410000000000000142e+00 4.490000000000000213e+00 4.889999999999999680e+00 7.000000000000000666e-02 -4.299999999999999933e-01 -0.000000000000000000e+00
5.999999999999999778e-02 8.999999999999999667e-02 7.000000000000000666e-02 4.580000000000000071e+00 -1.400000000000000133e-01 -1.799999999999999933e-01
-4.099999999999999756e-01 -4.500000000000000111e-01 -4.299999999999999933e-01 -1.400000000000000133e-01 4.679999999999999716e+00 7.000000000000000666e-02
-2.000000000000000042e-02 1.000000000000000021e-02 -0.000000000000000000e+00 -1.799999999999999933e-01 7.000000000000000666e-02 4.330000000000000071e+00
