4.419999999999999929e+00 4.040000000000000036e+00 4.160000000000000142e+00 -1.100000000000000006e-01 1.199999999999999956e-01 5.000000000000000278e-02
4.040000000000000036e+00 4.660000000000000142e+00 4.040000000000000036e+00 -1.600000000000000033e-01 1.400000000000000133e-01 5.999999999999999778e-02
4.160000000000000142e+00 4.040000000000000036e+00 4.400000000000000355e+00 -1.300000000000000044e-01 1.600000000000000033e-01 5.999999999999999778e-02
-1.100000000000000006e-01 -1.600000000000000033e-01 -1.300000000000000044e-01 4.410000000000000142e+00 1.000000000000000021e-02 -1.799999999999999933e-01
1.199999999999999956e-01 1.400000000000000133e-01 1.600000000000000033e-01 1.000000000000000021e-02 4.790000000000000036e+00 2.000000000000000042e-02
5.000000000000000278e-02 5.999999999999999778e-02 5.999999999999999778e-02 -1.799999999999999933e-01 2.000000000000000042e-02 4.459999999999999964e+00
