3.979999999999999982e+00 3.359999999999999876e+00 3.310000000000000053e+00 -1.000000000000000021e-02 2.099999999999999922e-01 -2.000000000000000042e-02
3.359999999999999876e+00 3.810000000000000053e+00 3.520000000000000018e+00 -2.000000000000000042e-02 1.799999999999999933e-01 -2.000000000000000042e-02
3.310000000000000053e+00 3.520000000000000018e+00 3.830000000000000071e+00 -1.000000000000000021e-02 1.900000000000000022e-01 -5.999999999999999778e-02
-1.000000000000000021e-02 -2.000000000000000042e-02 -1.000000000000000021e-02 4.110000000000000320e+00 4.000000000000000083e-02 -1.100000000000000006e-01
2.099999999999999922e-01 1.799999999999999933e-01 1.900000000000000022e-01 4.000000000000000083e-02 4.040000000000000036e+00 -1.000000000000000021e-02
-2.000000000000000042e-02 -2.000000000000000042e-02 -5.999999999999999778e-02 -1.100000000000000006e-01 -1.000000000000000021e-02 4.160000000000000142e+00
