@ RhNBD_Cl_2.sa Unitcell_volume: 10553.4   Density: 1.08427   ASA_A^2: 972.471 ASA_m^2/cm^3: 921.476 ASA_m^2/g: 849.862 NASA_A^2: 3.75712 NASA_m^2/cm^3: 3.56011 NASA_m^2/g: 3.28342
Number_of_channels: 2 Channel_surface_area_A^2: 485.863  486.608  
Number_of_pockets: 4 Pocket_surface_area_A^2: 0.900093  0.727778  1.21463  0.914621  
