@ RhNBD_Cl_1.sa Unitcell_volume: 10553.4   Density: 1.08427   ASA_A^2: 997.084 ASA_m^2/cm^3: 944.798 ASA_m^2/g: 871.371 NASA_A^2: 3.75712 NASA_m^2/cm^3: 3.56011 NASA_m^2/g: 3.28342
Number_of_channels: 2 Channel_surface_area_A^2: 498.254  498.83  
Number_of_pockets: 4 Pocket_surface_area_A^2: 0.900093  0.727778  1.21463  0.914621  
