Cell info:
========================================================================
number-of-unit-cells: 1 1 1
unit-cell-vector-a:    46.723700000000     0.000000000000     0.000000000000
unit-cell-vector-b:     0.000000000000    46.723700000000     0.000000000000
unit-cell-vector-c:     0.000000000000     0.000000000000    46.723700000000

cell-vector-a:    46.723700000000     0.000000000000     0.000000000000
cell-vector-b:     0.000000000000    46.723700000000     0.000000000000
cell-vector-c:     0.000000000000     0.000000000000    46.723700000000

cell-lengths:    46.723700000000    46.723700000000    46.723700000000
cell-angles:    90.000000000000    90.000000000000    90.000000000000


Maximum changes for MC-moves:
========================================================================
Maximum-volume-change: 0.000500
Maximum-Gibbs-volume-change: 0.000500
Maximum-box-shape-change: 0.100000 0.100000 0.100000, 0.100000 0.100000 0.100000, 0.100000 0.100000 0.100000


Acceptance targets for MC-moves:
========================================================================
Target-volume-change: 0.500000
Target-box-shape-change: 0.500000
Target-Gibbs-volume-change: 0.500000


Components: 1 (Adsorbates 1, Cations 0)
========================================================================
	Maximum-translation-change component 0: 1.000000,1.000000,1.000000
	Maximum-translation-in-plane-change component 0: 0.000000,0.000000,0.000000
	Maximum-rotation-change component 0: 0.017453 0.017453 0.017453

Reactions: 0

Component: 0     Adsorbate    1 molecules of methane
------------------------------------------------------------------------
Adsorbate-atom-position: 0 0    43.412761511032     6.329871838544    43.199214633199
Adsorbate-atom-velocity: 0 0     1.246159064980     0.602561545141    -0.083885759356
Adsorbate-atom-force:    0 0     0.000000000000     0.000000000000     0.000000000000
Adsorbate-atom-charge:   0 0     0.000000000000
Adsorbate-atom-scaling:  0 0     1.000000000000
Adsorbate-atom-fixed:    0 0       0 0 0


