8.990000000000000213e+00 3.029999999999999805e+00 3.100000000000000089e+00 -0.000000000000000000e+00 1.000000000000000021e-02 2.000000000000000042e-02
3.029999999999999805e+00 8.679999999999999716e+00 3.140000000000000124e+00 5.999999999999999778e-02 -1.000000000000000021e-02 2.000000000000000042e-02
3.100000000000000089e+00 3.140000000000000124e+00 8.859999999999999432e+00 1.000000000000000021e-02 -2.000000000000000042e-02 2.999999999999999889e-02
-0.000000000000000000e+00 5.999999999999999778e-02 1.000000000000000021e-02 2.689999999999999947e+00 -8.000000000000000167e-02 5.200000000000000178e-01
1.000000000000000021e-02 -1.000000000000000021e-02 -2.000000000000000042e-02 -8.000000000000000167e-02 2.120000000000000107e+00 1.000000000000000021e-02
2.000000000000000042e-02 2.000000000000000042e-02 2.999999999999999889e-02 5.200000000000000178e-01 1.000000000000000021e-02 2.580000000000000071e+00
