8.810000000000000497e+00 3.049999999999999822e+00 3.299999999999999822e+00 -5.999999999999999778e-02 -2.999999999999999889e-02 -2.999999999999999889e-02
3.049999999999999822e+00 8.589999999999999858e+00 3.009999999999999787e+00 -2.000000000000000042e-02 -2.999999999999999889e-02 2.000000000000000042e-02
3.299999999999999822e+00 3.009999999999999787e+00 8.669999999999999929e+00 -0.000000000000000000e+00 -4.000000000000000083e-02 -5.999999999999999778e-02
-5.999999999999999778e-02 -2.000000000000000042e-02 -0.000000000000000000e+00 3.020000000000000018e+00 2.300000000000000100e-01 8.000000000000000444e-01
-2.999999999999999889e-02 -2.999999999999999889e-02 -4.000000000000000083e-02 2.300000000000000100e-01 2.100000000000000089e+00 5.000000000000000278e-02
-2.999999999999999889e-02 2.000000000000000042e-02 -5.999999999999999778e-02 8.000000000000000444e-01 5.000000000000000278e-02 2.890000000000000124e+00
