7.549999999999999822e+00 2.410000000000000142e+00 2.310000000000000053e+00 4.000000000000000083e-02 -2.999999999999999889e-02 -0.000000000000000000e+00
2.410000000000000142e+00 7.450000000000000178e+00 2.240000000000000213e+00 -2.000000000000000042e-02 -2.000000000000000042e-02 -5.999999999999999778e-02
2.310000000000000053e+00 2.240000000000000213e+00 7.839999999999999858e+00 -1.000000000000000021e-02 -2.999999999999999889e-02 1.000000000000000021e-02
4.000000000000000083e-02 -2.000000000000000042e-02 -1.000000000000000021e-02 2.330000000000000071e+00 -1.300000000000000044e-01 2.000000000000000042e-02
-2.999999999999999889e-02 -2.000000000000000042e-02 -2.999999999999999889e-02 -1.300000000000000044e-01 2.000000000000000000e+00 -2.899999999999999800e-01
-0.000000000000000000e+00 -5.999999999999999778e-02 1.000000000000000021e-02 2.000000000000000042e-02 -2.899999999999999800e-01 2.069999999999999840e+00
