8.550000000000000711e+00 2.890000000000000124e+00 3.189999999999999947e+00 -2.000000000000000042e-02 -8.999999999999999667e-02 2.999999999999999889e-02
2.890000000000000124e+00 8.250000000000000000e+00 2.910000000000000142e+00 1.000000000000000021e-02 4.000000000000000083e-02 -2.000000000000000042e-02
3.189999999999999947e+00 2.910000000000000142e+00 8.279999999999999361e+00 5.000000000000000278e-02 -0.000000000000000000e+00 0.000000000000000000e+00
-2.000000000000000042e-02 1.000000000000000021e-02 5.000000000000000278e-02 2.080000000000000071e+00 -2.999999999999999889e-02 2.800000000000000266e-01
-8.999999999999999667e-02 4.000000000000000083e-02 -0.000000000000000000e+00 -2.999999999999999889e-02 2.549999999999999822e+00 -5.100000000000000089e-01
2.999999999999999889e-02 -2.000000000000000042e-02 0.000000000000000000e+00 2.800000000000000266e-01 -5.100000000000000089e-01 2.859999999999999876e+00
