9.179999999999999716e+00 3.129999999999999893e+00 3.660000000000000142e+00 2.999999999999999889e-02 1.000000000000000021e-02 -5.000000000000000278e-02
3.129999999999999893e+00 9.169999999999999929e+00 3.410000000000000142e+00 -0.000000000000000000e+00 2.999999999999999889e-02 1.600000000000000033e-01
3.660000000000000142e+00 3.410000000000000142e+00 8.890000000000000568e+00 2.000000000000000042e-02 -1.199999999999999956e-01 -1.100000000000000006e-01
2.999999999999999889e-02 -0.000000000000000000e+00 2.000000000000000042e-02 1.959999999999999964e+00 -8.000000000000000167e-02 7.000000000000000666e-02
1.000000000000000021e-02 2.999999999999999889e-02 -1.199999999999999956e-01 -8.000000000000000167e-02 2.490000000000000213e+00 2.099999999999999922e-01
-5.000000000000000278e-02 1.600000000000000033e-01 -1.100000000000000006e-01 7.000000000000000666e-02 2.099999999999999922e-01 2.100000000000000089e+00
