7.730000000000000426e+00 2.250000000000000000e+00 2.089999999999999858e+00 -1.000000000000000021e-02 4.000000000000000083e-02 1.000000000000000021e-02
2.250000000000000000e+00 7.440000000000000391e+00 2.299999999999999822e+00 1.000000000000000021e-02 8.999999999999999667e-02 -4.000000000000000083e-02
2.089999999999999858e+00 2.299999999999999822e+00 7.530000000000000249e+00 -5.999999999999999778e-02 2.000000000000000042e-02 -2.000000000000000042e-02
-1.000000000000000021e-02 1.000000000000000021e-02 -5.999999999999999778e-02 1.899999999999999911e+00 1.600000000000000033e-01 -2.999999999999999889e-01
4.000000000000000083e-02 8.999999999999999667e-02 2.000000000000000042e-02 1.600000000000000033e-01 2.430000000000000160e+00 2.200000000000000011e-01
1.000000000000000021e-02 -4.000000000000000083e-02 -2.000000000000000042e-02 -2.999999999999999889e-01 2.200000000000000011e-01 2.350000000000000089e+00
