8.650000000000000355e+00 3.669999999999999929e+00 3.750000000000000000e+00 -2.700000000000000178e-01 -1.040000000000000036e+00 -7.700000000000000178e-01
3.669999999999999929e+00 8.460000000000000853e+00 3.759999999999999787e+00 -1.010000000000000009e+00 -2.899999999999999800e-01 -1.050000000000000044e+00
3.750000000000000000e+00 3.759999999999999787e+00 8.630000000000000782e+00 -8.000000000000000444e-01 -7.399999999999999911e-01 -3.400000000000000244e-01
-2.700000000000000178e-01 -1.010000000000000009e+00 -8.000000000000000444e-01 2.529999999999999805e+00 1.300000000000000044e-01 5.999999999999999778e-02
-1.040000000000000036e+00 -2.899999999999999800e-01 -7.399999999999999911e-01 1.300000000000000044e-01 2.529999999999999805e+00 2.099999999999999922e-01
-7.700000000000000178e-01 -1.050000000000000044e+00 -3.400000000000000244e-01 5.999999999999999778e-02 2.099999999999999922e-01 2.450000000000000178e+00
