2.350000000000000089e+00 1.489999999999999991e+00 1.510000000000000009e+00 2.300000000000000100e-01 3.599999999999999867e-01 3.200000000000000067e-01
1.489999999999999991e+00 2.419999999999999929e+00 1.500000000000000000e+00 4.199999999999999845e-01 2.000000000000000111e-01 4.099999999999999756e-01
1.510000000000000009e+00 1.500000000000000000e+00 2.430000000000000160e+00 3.400000000000000244e-01 2.899999999999999800e-01 2.500000000000000000e-01
2.300000000000000100e-01 4.199999999999999845e-01 3.400000000000000244e-01 4.699999999999999734e-01 1.199999999999999956e-01 1.799999999999999933e-01
3.599999999999999867e-01 2.000000000000000111e-01 2.899999999999999800e-01 1.199999999999999956e-01 5.200000000000000178e-01 1.300000000000000044e-01
3.200000000000000067e-01 4.099999999999999756e-01 2.500000000000000000e-01 1.799999999999999933e-01 1.300000000000000044e-01 5.300000000000000266e-01
