2.979999999999999982e+00 2.189999999999999947e+00 2.109999999999999876e+00 3.200000000000000067e-01 4.600000000000000200e-01 4.299999999999999933e-01
2.189999999999999947e+00 3.120000000000000107e+00 2.169999999999999929e+00 5.200000000000000178e-01 2.800000000000000266e-01 5.500000000000000444e-01
2.109999999999999876e+00 2.169999999999999929e+00 3.000000000000000000e+00 4.600000000000000200e-01 3.800000000000000044e-01 3.300000000000000155e-01
3.200000000000000067e-01 5.200000000000000178e-01 4.600000000000000200e-01 5.000000000000000000e-01 1.400000000000000133e-01 1.600000000000000033e-01
4.600000000000000200e-01 2.800000000000000266e-01 3.800000000000000044e-01 1.400000000000000133e-01 6.300000000000000044e-01 1.499999999999999944e-01
4.299999999999999933e-01 5.500000000000000444e-01 3.300000000000000155e-01 1.600000000000000033e-01 1.499999999999999944e-01 5.300000000000000266e-01
