3.689999999999999947e+00 2.819999999999999840e+00 2.740000000000000213e+00 -4.000000000000000083e-02 -3.900000000000000133e-01 1.799999999999999933e-01
2.819999999999999840e+00 3.240000000000000213e+00 2.270000000000000018e+00 4.600000000000000200e-01 2.999999999999999889e-02 2.300000000000000100e-01
2.740000000000000213e+00 2.270000000000000018e+00 3.149999999999999911e+00 -3.599999999999999867e-01 3.099999999999999978e-01 2.600000000000000089e-01
-4.000000000000000083e-02 4.600000000000000200e-01 -3.599999999999999867e-01 1.760000000000000009e+00 2.200000000000000011e-01 -7.800000000000000266e-01
-3.900000000000000133e-01 2.999999999999999889e-02 3.099999999999999978e-01 2.200000000000000011e-01 1.429999999999999938e+00 -7.000000000000000666e-02
1.799999999999999933e-01 2.300000000000000100e-01 2.600000000000000089e-01 -7.800000000000000266e-01 -7.000000000000000666e-02 4.320000000000000284e+00
