4.700000000000000178e+00 3.560000000000000053e+00 3.609999999999999876e+00 -5.000000000000000278e-02 -3.599999999999999867e-01 3.400000000000000244e-01
3.560000000000000053e+00 3.899999999999999911e+00 3.109999999999999876e+00 4.199999999999999845e-01 2.999999999999999889e-02 1.300000000000000044e-01
3.609999999999999876e+00 3.109999999999999876e+00 3.970000000000000195e+00 -3.800000000000000044e-01 2.200000000000000011e-01 2.600000000000000089e-01
-5.000000000000000278e-02 4.199999999999999845e-01 -3.800000000000000044e-01 1.750000000000000000e+00 1.900000000000000022e-01 -8.699999999999999956e-01
-3.599999999999999867e-01 2.999999999999999889e-02 2.200000000000000011e-01 1.900000000000000022e-01 1.290000000000000036e+00 -1.799999999999999933e-01
3.400000000000000244e-01 1.300000000000000044e-01 2.600000000000000089e-01 -8.699999999999999956e-01 -1.799999999999999933e-01 4.860000000000000320e+00
