3.080000000000000071e+00 2.290000000000000036e+00 2.279999999999999805e+00 -2.999999999999999889e-02 -2.600000000000000089e-01 2.300000000000000100e-01
2.290000000000000036e+00 2.890000000000000124e+00 1.939999999999999947e+00 4.199999999999999845e-01 -1.000000000000000021e-02 -1.000000000000000056e-01
2.279999999999999805e+00 1.939999999999999947e+00 2.939999999999999947e+00 -4.699999999999999734e-01 2.999999999999999889e-01 2.200000000000000011e-01
-2.999999999999999889e-02 4.199999999999999845e-01 -4.699999999999999734e-01 1.580000000000000071e+00 5.000000000000000278e-02 -1.090000000000000080e+00
-2.600000000000000089e-01 -1.000000000000000021e-02 2.999999999999999889e-01 5.000000000000000278e-02 1.209999999999999964e+00 -2.000000000000000111e-01
2.300000000000000100e-01 -1.000000000000000056e-01 2.200000000000000011e-01 -1.090000000000000080e+00 -2.000000000000000111e-01 4.219999999999999751e+00
