1.370000000000000107e+00 1.320000000000000062e+00 1.330000000000000071e+00 0.000000000000000000e+00 -2.999999999999999889e-02 -2.999999999999999889e-02
1.320000000000000062e+00 1.389999999999999902e+00 1.360000000000000098e+00 0.000000000000000000e+00 -2.999999999999999889e-02 -2.999999999999999889e-02
1.330000000000000071e+00 1.360000000000000098e+00 1.449999999999999956e+00 -2.000000000000000042e-02 -4.000000000000000083e-02 -4.000000000000000083e-02
0.000000000000000000e+00 0.000000000000000000e+00 -2.000000000000000042e-02 1.020000000000000018e+00 7.000000000000000666e-02 5.999999999999999778e-02
-2.999999999999999889e-02 -2.999999999999999889e-02 -4.000000000000000083e-02 7.000000000000000666e-02 1.330000000000000071e+00 2.999999999999999889e-02
-2.999999999999999889e-02 -2.999999999999999889e-02 -4.000000000000000083e-02 5.999999999999999778e-02 2.999999999999999889e-02 1.129999999999999893e+00
