9.000000000000000222e-01 8.499999999999999778e-01 8.499999999999999778e-01 -1.000000000000000021e-02 4.000000000000000083e-02 -2.000000000000000042e-02
8.499999999999999778e-01 9.000000000000000222e-01 8.499999999999999778e-01 0.000000000000000000e+00 2.999999999999999889e-02 -1.000000000000000021e-02
8.499999999999999778e-01 8.499999999999999778e-01 9.200000000000000400e-01 1.000000000000000021e-02 2.999999999999999889e-02 -1.000000000000000021e-02
-1.000000000000000021e-02 0.000000000000000000e+00 1.000000000000000021e-02 8.100000000000000533e-01 -2.000000000000000042e-02 -2.000000000000000042e-02
4.000000000000000083e-02 2.999999999999999889e-02 2.999999999999999889e-02 -2.000000000000000042e-02 8.699999999999999956e-01 -5.999999999999999778e-02
-2.000000000000000042e-02 -1.000000000000000021e-02 -1.000000000000000021e-02 -2.000000000000000042e-02 -5.999999999999999778e-02 7.600000000000000089e-01
