1.050000000000000044e+00 1.010000000000000009e+00 9.899999999999999911e-01 0.000000000000000000e+00 -2.000000000000000042e-02 2.999999999999999889e-02
1.010000000000000009e+00 1.060000000000000053e+00 1.000000000000000000e+00 1.000000000000000021e-02 -2.000000000000000042e-02 2.000000000000000042e-02
9.899999999999999911e-01 1.000000000000000000e+00 1.050000000000000044e+00 -0.000000000000000000e+00 -2.999999999999999889e-02 2.999999999999999889e-02
0.000000000000000000e+00 1.000000000000000021e-02 -0.000000000000000000e+00 8.800000000000000044e-01 5.999999999999999778e-02 2.000000000000000042e-02
-2.000000000000000042e-02 -2.000000000000000042e-02 -2.999999999999999889e-02 5.999999999999999778e-02 7.600000000000000089e-01 -8.000000000000000167e-02
2.999999999999999889e-02 2.000000000000000042e-02 2.999999999999999889e-02 2.000000000000000042e-02 -8.000000000000000167e-02 8.100000000000000533e-01
