9.499999999999999556e-01 8.900000000000000133e-01 8.800000000000000044e-01 -2.999999999999999889e-02 -1.000000000000000021e-02 2.000000000000000042e-02
8.900000000000000133e-01 9.699999999999999734e-01 9.000000000000000222e-01 -2.999999999999999889e-02 -0.000000000000000000e+00 1.000000000000000021e-02
8.800000000000000044e-01 9.000000000000000222e-01 9.399999999999999467e-01 -2.000000000000000042e-02 -1.000000000000000021e-02 2.000000000000000042e-02
-2.999999999999999889e-02 -2.999999999999999889e-02 -2.000000000000000042e-02 8.100000000000000533e-01 1.000000000000000021e-02 -1.199999999999999956e-01
-1.000000000000000021e-02 -0.000000000000000000e+00 -1.000000000000000021e-02 1.000000000000000021e-02 7.199999999999999734e-01 -1.000000000000000021e-02
2.000000000000000042e-02 1.000000000000000021e-02 2.000000000000000042e-02 -1.199999999999999956e-01 -1.000000000000000021e-02 8.000000000000000444e-01
