3.640000000000000124e+00 3.439999999999999947e+00 3.370000000000000107e+00 1.100000000000000006e-01 2.999999999999999889e-02 -2.600000000000000089e-01
3.439999999999999947e+00 3.600000000000000089e+00 3.390000000000000124e+00 1.100000000000000006e-01 4.000000000000000083e-02 -2.600000000000000089e-01
3.370000000000000107e+00 3.390000000000000124e+00 3.640000000000000124e+00 1.300000000000000044e-01 4.000000000000000083e-02 -2.899999999999999800e-01
1.100000000000000006e-01 1.100000000000000006e-01 1.300000000000000044e-01 2.640000000000000124e+00 3.200000000000000067e-01 2.099999999999999922e-01
2.999999999999999889e-02 4.000000000000000083e-02 4.000000000000000083e-02 3.200000000000000067e-01 2.859999999999999876e+00 -5.999999999999999778e-02
-2.600000000000000089e-01 -2.600000000000000089e-01 -2.899999999999999800e-01 2.099999999999999922e-01 -5.999999999999999778e-02 2.250000000000000000e+00
