2.740000000000000213e+00 2.529999999999999805e+00 2.569999999999999840e+00 1.000000000000000056e-01 8.999999999999999667e-02 -0.000000000000000000e+00
2.529999999999999805e+00 2.799999999999999822e+00 2.600000000000000089e+00 8.999999999999999667e-02 8.999999999999999667e-02 2.999999999999999889e-02
2.569999999999999840e+00 2.600000000000000089e+00 2.779999999999999805e+00 1.199999999999999956e-01 1.000000000000000056e-01 2.000000000000000042e-02
1.000000000000000056e-01 8.999999999999999667e-02 1.199999999999999956e-01 3.000000000000000000e+00 1.799999999999999933e-01 -7.000000000000000666e-02
8.999999999999999667e-02 8.999999999999999667e-02 1.000000000000000056e-01 1.799999999999999933e-01 2.600000000000000089e+00 1.000000000000000021e-02
-0.000000000000000000e+00 2.999999999999999889e-02 2.000000000000000042e-02 -7.000000000000000666e-02 1.000000000000000021e-02 2.790000000000000036e+00
