1.959999999999999964e+00 1.639999999999999902e+00 1.610000000000000098e+00 -4.000000000000000083e-02 5.000000000000000278e-02 -5.999999999999999778e-02
1.639999999999999902e+00 1.820000000000000062e+00 1.610000000000000098e+00 -1.000000000000000021e-02 5.999999999999999778e-02 -2.999999999999999889e-02
1.610000000000000098e+00 1.610000000000000098e+00 1.879999999999999893e+00 -2.000000000000000042e-02 8.000000000000000167e-02 -5.000000000000000278e-02
-4.000000000000000083e-02 -1.000000000000000021e-02 -2.000000000000000042e-02 2.589999999999999858e+00 -4.000000000000000083e-02 1.100000000000000006e-01
5.000000000000000278e-02 5.999999999999999778e-02 8.000000000000000167e-02 -4.000000000000000083e-02 2.520000000000000018e+00 -1.000000000000000021e-02
-5.999999999999999778e-02 -2.999999999999999889e-02 -5.000000000000000278e-02 1.100000000000000006e-01 -1.000000000000000021e-02 2.529999999999999805e+00
