2.600000000000000089e+00 2.339999999999999858e+00 2.350000000000000089e+00 1.799999999999999933e-01 0.000000000000000000e+00 1.499999999999999944e-01
2.339999999999999858e+00 2.529999999999999805e+00 2.359999999999999876e+00 1.700000000000000122e-01 -1.000000000000000021e-02 1.400000000000000133e-01
2.350000000000000089e+00 2.359999999999999876e+00 2.580000000000000071e+00 1.700000000000000122e-01 1.000000000000000021e-02 1.499999999999999944e-01
1.799999999999999933e-01 1.700000000000000122e-01 1.700000000000000122e-01 2.339999999999999858e+00 2.999999999999999889e-02 8.999999999999999667e-02
0.000000000000000000e+00 -1.000000000000000021e-02 1.000000000000000021e-02 2.999999999999999889e-02 2.740000000000000213e+00 -2.200000000000000011e-01
1.499999999999999944e-01 1.400000000000000133e-01 1.499999999999999944e-01 8.999999999999999667e-02 -2.200000000000000011e-01 2.470000000000000195e+00
