3.120000000000000107e+00 2.890000000000000124e+00 2.899999999999999911e+00 5.000000000000000278e-02 -1.900000000000000022e-01 -1.000000000000000056e-01
2.890000000000000124e+00 3.129999999999999893e+00 2.910000000000000142e+00 7.000000000000000666e-02 -1.900000000000000022e-01 -1.100000000000000006e-01
2.899999999999999911e+00 2.910000000000000142e+00 3.129999999999999893e+00 5.000000000000000278e-02 -1.900000000000000022e-01 -1.100000000000000006e-01
5.000000000000000278e-02 7.000000000000000666e-02 5.000000000000000278e-02 2.890000000000000124e+00 -2.700000000000000178e-01 2.999999999999999889e-02
-1.900000000000000022e-01 -1.900000000000000022e-01 -1.900000000000000022e-01 -2.700000000000000178e-01 2.509999999999999787e+00 -1.400000000000000133e-01
-1.000000000000000056e-01 -1.100000000000000006e-01 -1.100000000000000006e-01 2.999999999999999889e-02 -1.400000000000000133e-01 2.879999999999999893e+00
