5.519999999999999574e+00 5.099999999999999645e+00 5.139999999999999680e+00 -1.499999999999999944e-01 -1.000000000000000056e-01 -1.000000000000000021e-02
5.099999999999999645e+00 5.570000000000000284e+00 5.120000000000000107e+00 -1.499999999999999944e-01 -1.000000000000000056e-01 -2.000000000000000042e-02
5.139999999999999680e+00 5.120000000000000107e+00 5.500000000000000000e+00 -1.300000000000000044e-01 -1.000000000000000056e-01 -2.999999999999999889e-02
-1.499999999999999944e-01 -1.499999999999999944e-01 -1.300000000000000044e-01 4.059999999999999609e+00 3.499999999999999778e-01 2.000000000000000111e-01
-1.000000000000000056e-01 -1.000000000000000056e-01 -1.000000000000000056e-01 3.499999999999999778e-01 3.970000000000000195e+00 -1.799999999999999933e-01
-1.000000000000000021e-02 -2.000000000000000042e-02 -2.999999999999999889e-02 2.000000000000000111e-01 -1.799999999999999933e-01 4.549999999999999822e+00
