3.540000000000000036e+00 3.160000000000000142e+00 3.060000000000000053e+00 8.000000000000000167e-02 1.600000000000000033e-01 -1.700000000000000122e-01
3.160000000000000142e+00 3.459999999999999964e+00 3.120000000000000107e+00 8.000000000000000167e-02 1.400000000000000133e-01 -1.499999999999999944e-01
3.060000000000000053e+00 3.120000000000000107e+00 3.620000000000000107e+00 1.100000000000000006e-01 1.199999999999999956e-01 -1.700000000000000122e-01
8.000000000000000167e-02 8.000000000000000167e-02 1.100000000000000006e-01 4.089999999999999858e+00 2.000000000000000111e-01 -7.000000000000000666e-02
1.600000000000000033e-01 1.400000000000000133e-01 1.199999999999999956e-01 2.000000000000000111e-01 4.290000000000000036e+00 2.000000000000000042e-02
-1.700000000000000122e-01 -1.499999999999999944e-01 -1.700000000000000122e-01 -7.000000000000000666e-02 2.000000000000000042e-02 4.389999999999999680e+00
