9.189999999999999503e+00 2.859999999999999876e+00 2.910000000000000142e+00 5.000000000000000278e-02 -1.000000000000000021e-02 2.999999999999999889e-02
2.859999999999999876e+00 8.619999999999999218e+00 2.830000000000000071e+00 -1.000000000000000021e-02 -4.000000000000000083e-02 -1.000000000000000021e-02
2.910000000000000142e+00 2.830000000000000071e+00 8.929999999999999716e+00 -2.000000000000000042e-02 -7.000000000000000666e-02 1.000000000000000021e-02
5.000000000000000278e-02 -1.000000000000000021e-02 -2.000000000000000042e-02 2.430000000000000160e+00 1.000000000000000021e-02 7.000000000000000666e-02
-1.000000000000000021e-02 -4.000000000000000083e-02 -7.000000000000000666e-02 1.000000000000000021e-02 2.390000000000000124e+00 -3.599999999999999867e-01
2.999999999999999889e-02 -1.000000000000000021e-02 1.000000000000000021e-02 7.000000000000000666e-02 -3.599999999999999867e-01 2.350000000000000089e+00
