1.069999999999999929e+01 4.059999999999999609e+00 4.389999999999999680e+00 -4.000000000000000083e-02 -5.000000000000000278e-02 1.000000000000000021e-02
4.059999999999999609e+00 1.016000000000000014e+01 3.959999999999999964e+00 -0.000000000000000000e+00 -1.000000000000000021e-02 0.000000000000000000e+00
4.389999999999999680e+00 3.959999999999999964e+00 1.073000000000000043e+01 2.999999999999999889e-02 1.000000000000000021e-02 1.000000000000000021e-02
-4.000000000000000083e-02 -0.000000000000000000e+00 2.999999999999999889e-02 2.129999999999999893e+00 4.000000000000000083e-02 -7.000000000000000666e-02
-5.000000000000000278e-02 -1.000000000000000021e-02 1.000000000000000021e-02 4.000000000000000083e-02 2.660000000000000142e+00 1.000000000000000056e-01
1.000000000000000021e-02 0.000000000000000000e+00 1.000000000000000021e-02 -7.000000000000000666e-02 1.000000000000000056e-01 1.850000000000000089e+00
