9.009999999999999787e+00 2.740000000000000213e+00 3.140000000000000124e+00 1.100000000000000006e-01 -1.900000000000000022e-01 -2.200000000000000011e-01
2.740000000000000213e+00 8.839999999999999858e+00 2.669999999999999929e+00 -5.000000000000000278e-02 2.000000000000000111e-01 -1.600000000000000033e-01
3.140000000000000124e+00 2.669999999999999929e+00 8.710000000000000853e+00 -1.100000000000000006e-01 -1.400000000000000133e-01 4.000000000000000222e-01
1.100000000000000006e-01 -5.000000000000000278e-02 -1.100000000000000006e-01 2.569999999999999840e+00 3.499999999999999778e-01 2.300000000000000100e-01
-1.900000000000000022e-01 2.000000000000000111e-01 -1.400000000000000133e-01 3.499999999999999778e-01 2.720000000000000195e+00 1.000000000000000056e-01
-2.200000000000000011e-01 -1.600000000000000033e-01 4.000000000000000222e-01 2.300000000000000100e-01 1.000000000000000056e-01 2.209999999999999964e+00
