2.700000000000000178e+00 1.850000000000000089e+00 1.830000000000000071e+00 2.700000000000000178e-01 4.600000000000000200e-01 3.800000000000000044e-01
1.850000000000000089e+00 2.649999999999999911e+00 1.800000000000000044e+00 4.500000000000000111e-01 2.999999999999999889e-01 4.600000000000000200e-01
1.830000000000000071e+00 1.800000000000000044e+00 2.700000000000000178e+00 3.599999999999999867e-01 3.800000000000000044e-01 2.700000000000000178e-01
2.700000000000000178e-01 4.500000000000000111e-01 3.599999999999999867e-01 5.699999999999999512e-01 1.199999999999999956e-01 2.399999999999999911e-01
4.600000000000000200e-01 2.999999999999999889e-01 3.800000000000000044e-01 1.199999999999999956e-01 6.400000000000000133e-01 2.399999999999999911e-01
3.800000000000000044e-01 4.600000000000000200e-01 2.700000000000000178e-01 2.399999999999999911e-01 2.399999999999999911e-01 6.800000000000000488e-01
