9.009999999999999787e+00 4.019999999999999574e+00 4.129999999999999893e+00 -3.200000000000000067e-01 -1.050000000000000044e+00 -8.000000000000000444e-01
4.019999999999999574e+00 9.099999999999999645e+00 4.080000000000000071e+00 -1.040000000000000036e+00 -2.999999999999999889e-01 -1.080000000000000071e+00
4.129999999999999893e+00 4.080000000000000071e+00 9.000000000000000000e+00 -7.600000000000000089e-01 -8.399999999999999689e-01 -3.599999999999999867e-01
-3.200000000000000067e-01 -1.040000000000000036e+00 -7.600000000000000089e-01 2.560000000000000053e+00 1.000000000000000056e-01 1.000000000000000021e-02
-1.050000000000000044e+00 -2.999999999999999889e-01 -8.399999999999999689e-01 1.000000000000000056e-01 2.629999999999999893e+00 -2.999999999999999889e-02
-8.000000000000000444e-01 -1.080000000000000071e+00 -3.599999999999999867e-01 1.000000000000000021e-02 -2.999999999999999889e-02 2.799999999999999822e+00
