8.050000000000000711e+00 3.620000000000000107e+00 3.479999999999999982e+00 -3.200000000000000067e-01 -1.020000000000000018e+00 -6.500000000000000222e-01
3.620000000000000107e+00 8.130000000000000782e+00 3.500000000000000000e+00 -1.000000000000000000e+00 -4.000000000000000222e-01 -8.900000000000000133e-01
3.479999999999999982e+00 3.500000000000000000e+00 8.259999999999999787e+00 -7.700000000000000178e-01 -8.000000000000000444e-01 -2.099999999999999922e-01
-3.200000000000000067e-01 -1.000000000000000000e+00 -7.700000000000000178e-01 2.790000000000000036e+00 2.600000000000000089e-01 1.499999999999999944e-01
-1.020000000000000018e+00 -4.000000000000000222e-01 -8.000000000000000444e-01 2.600000000000000089e-01 2.899999999999999911e+00 -2.300000000000000100e-01
-6.500000000000000222e-01 -8.900000000000000133e-01 -2.099999999999999922e-01 1.499999999999999944e-01 -2.300000000000000100e-01 2.620000000000000107e+00
