9.240000000000000213e+00 4.440000000000000391e+00 4.370000000000000107e+00 -4.400000000000000022e-01 -1.090000000000000080e+00 -9.599999999999999645e-01
4.440000000000000391e+00 9.349999999999999645e+00 4.280000000000000249e+00 -1.090000000000000080e+00 -4.199999999999999845e-01 -1.229999999999999982e+00
4.370000000000000107e+00 4.280000000000000249e+00 9.589999999999999858e+00 -8.800000000000000044e-01 -8.599999999999999867e-01 -4.299999999999999933e-01
-4.400000000000000022e-01 -1.090000000000000080e+00 -8.800000000000000044e-01 2.560000000000000053e+00 -7.000000000000000666e-02 -8.000000000000000167e-02
-1.090000000000000080e+00 -4.199999999999999845e-01 -8.599999999999999867e-01 -7.000000000000000666e-02 2.470000000000000195e+00 -2.000000000000000042e-02
-9.599999999999999645e-01 -1.229999999999999982e+00 -4.299999999999999933e-01 -8.000000000000000167e-02 -2.000000000000000042e-02 2.500000000000000000e+00
