2.370000000000000107e+00 1.540000000000000036e+00 1.590000000000000080e+00 2.500000000000000000e-01 3.800000000000000044e-01 3.300000000000000155e-01
1.540000000000000036e+00 2.339999999999999858e+00 1.530000000000000027e+00 4.099999999999999756e-01 2.300000000000000100e-01 4.000000000000000222e-01
1.590000000000000080e+00 1.530000000000000027e+00 2.600000000000000089e+00 3.499999999999999778e-01 3.300000000000000155e-01 2.300000000000000100e-01
2.500000000000000000e-01 4.099999999999999756e-01 3.499999999999999778e-01 4.199999999999999845e-01 4.000000000000000083e-02 8.999999999999999667e-02
3.800000000000000044e-01 2.300000000000000100e-01 3.300000000000000155e-01 4.000000000000000083e-02 4.500000000000000111e-01 5.999999999999999778e-02
3.300000000000000155e-01 4.000000000000000222e-01 2.300000000000000100e-01 8.999999999999999667e-02 5.999999999999999778e-02 4.199999999999999845e-01
