1.026999999999999957e+01 5.280000000000000249e+00 5.120000000000000107e+00 -1.900000000000000022e-01 -1.080000000000000071e+00 -1.510000000000000009e+00
5.280000000000000249e+00 1.050000000000000000e+01 5.230000000000000426e+00 -8.299999999999999600e-01 -4.899999999999999911e-01 -1.770000000000000018e+00
5.120000000000000107e+00 5.230000000000000426e+00 1.038000000000000078e+01 -5.999999999999999778e-01 -8.699999999999999956e-01 -1.060000000000000053e+00
-1.900000000000000022e-01 -8.299999999999999600e-01 -5.999999999999999778e-01 2.490000000000000213e+00 -4.400000000000000022e-01 8.000000000000000167e-02
-1.080000000000000071e+00 -4.899999999999999911e-01 -8.699999999999999956e-01 -4.400000000000000022e-01 2.890000000000000124e+00 1.700000000000000122e-01
-1.510000000000000009e+00 -1.770000000000000018e+00 -1.060000000000000053e+00 8.000000000000000167e-02 1.700000000000000122e-01 2.500000000000000000e+00
