8.400000000000000355e+00 3.399999999999999911e+00 3.439999999999999947e+00 -2.899999999999999800e-01 -9.499999999999999556e-01 -6.700000000000000400e-01
3.399999999999999911e+00 8.300000000000000711e+00 3.509999999999999787e+00 -9.599999999999999645e-01 -2.099999999999999922e-01 -9.399999999999999467e-01
3.439999999999999947e+00 3.509999999999999787e+00 8.500000000000000000e+00 -7.299999999999999822e-01 -6.800000000000000488e-01 -2.000000000000000111e-01
-2.899999999999999800e-01 -9.599999999999999645e-01 -7.299999999999999822e-01 2.430000000000000160e+00 1.000000000000000021e-02 1.000000000000000056e-01
-9.499999999999999556e-01 -2.099999999999999922e-01 -6.800000000000000488e-01 1.000000000000000021e-02 2.649999999999999911e+00 1.000000000000000056e-01
-6.700000000000000400e-01 -9.399999999999999467e-01 -2.000000000000000111e-01 1.000000000000000056e-01 1.000000000000000056e-01 2.479999999999999982e+00
