1.007000000000000028e+01 4.959999999999999964e+00 5.120000000000000107e+00 -3.300000000000000155e-01 -1.419999999999999929e+00 -1.110000000000000098e+00
4.959999999999999964e+00 1.006000000000000050e+01 5.110000000000000320e+00 -1.030000000000000027e+00 -6.500000000000000222e-01 -1.379999999999999893e+00
5.120000000000000107e+00 5.110000000000000320e+00 1.002999999999999936e+01 -8.000000000000000444e-01 -1.120000000000000107e+00 -6.600000000000000311e-01
-3.300000000000000155e-01 -1.030000000000000027e+00 -8.000000000000000444e-01 2.419999999999999929e+00 -1.499999999999999944e-01 -2.000000000000000042e-02
-1.419999999999999929e+00 -6.500000000000000222e-01 -1.120000000000000107e+00 -1.499999999999999944e-01 2.500000000000000000e+00 5.999999999999999778e-02
-1.110000000000000098e+00 -1.379999999999999893e+00 -6.600000000000000311e-01 -2.000000000000000042e-02 5.999999999999999778e-02 2.220000000000000195e+00
