9.130000000000000782e+00 4.259999999999999787e+00 4.120000000000000107e+00 -3.800000000000000044e-01 -1.100000000000000089e+00 -8.900000000000000133e-01
4.259999999999999787e+00 9.039999999999999147e+00 4.209999999999999964e+00 -1.120000000000000107e+00 -4.500000000000000111e-01 -1.120000000000000107e+00
4.120000000000000107e+00 4.209999999999999964e+00 9.480000000000000426e+00 -8.299999999999999600e-01 -9.100000000000000311e-01 -3.900000000000000133e-01
-3.800000000000000044e-01 -1.120000000000000107e+00 -8.299999999999999600e-01 2.549999999999999822e+00 -1.000000000000000056e-01 -5.999999999999999778e-02
-1.100000000000000089e+00 -4.500000000000000111e-01 -9.100000000000000311e-01 -1.000000000000000056e-01 2.970000000000000195e+00 8.999999999999999667e-02
-8.900000000000000133e-01 -1.120000000000000107e+00 -3.900000000000000133e-01 -5.999999999999999778e-02 8.999999999999999667e-02 2.490000000000000213e+00
