3.229999999999999982e+00 2.529999999999999805e+00 2.509999999999999787e+00 3.400000000000000244e-01 5.200000000000000178e-01 4.899999999999999911e-01
2.529999999999999805e+00 3.189999999999999947e+00 2.520000000000000018e+00 5.400000000000000355e-01 3.599999999999999867e-01 5.500000000000000444e-01
2.509999999999999787e+00 2.520000000000000018e+00 3.259999999999999787e+00 4.799999999999999822e-01 4.400000000000000022e-01 4.000000000000000222e-01
3.400000000000000244e-01 5.400000000000000355e-01 4.799999999999999822e-01 6.600000000000000311e-01 -1.000000000000000056e-01 2.300000000000000100e-01
5.200000000000000178e-01 3.599999999999999867e-01 4.400000000000000022e-01 -1.000000000000000056e-01 6.300000000000000044e-01 8.000000000000000167e-02
4.899999999999999911e-01 5.500000000000000444e-01 4.000000000000000222e-01 2.300000000000000100e-01 8.000000000000000167e-02 5.400000000000000355e-01
