2.979999999999999982e+00 2.040000000000000036e+00 2.029999999999999805e+00 2.999999999999999889e-01 4.799999999999999822e-01 4.199999999999999845e-01
2.040000000000000036e+00 2.950000000000000178e+00 2.040000000000000036e+00 4.899999999999999911e-01 2.899999999999999800e-01 5.200000000000000178e-01
2.029999999999999805e+00 2.040000000000000036e+00 3.040000000000000036e+00 4.099999999999999756e-01 4.199999999999999845e-01 3.099999999999999978e-01
2.999999999999999889e-01 4.899999999999999911e-01 4.099999999999999756e-01 6.800000000000000488e-01 1.000000000000000056e-01 1.799999999999999933e-01
4.799999999999999822e-01 2.899999999999999800e-01 4.199999999999999845e-01 1.000000000000000056e-01 5.500000000000000444e-01 2.000000000000000111e-01
4.199999999999999845e-01 5.200000000000000178e-01 3.099999999999999978e-01 1.799999999999999933e-01 2.000000000000000111e-01 4.899999999999999911e-01
