9.410000000000000142e+00 4.320000000000000284e+00 4.259999999999999787e+00 -4.299999999999999933e-01 -1.120000000000000107e+00 -8.599999999999999867e-01
4.320000000000000284e+00 9.410000000000000142e+00 4.389999999999999680e+00 -1.250000000000000000e+00 -4.199999999999999845e-01 -1.110000000000000098e+00
4.259999999999999787e+00 4.389999999999999680e+00 9.289999999999999147e+00 -8.800000000000000044e-01 -9.100000000000000311e-01 -4.099999999999999756e-01
-4.299999999999999933e-01 -1.250000000000000000e+00 -8.800000000000000044e-01 2.609999999999999876e+00 1.199999999999999956e-01 -1.799999999999999933e-01
-1.120000000000000107e+00 -4.199999999999999845e-01 -9.100000000000000311e-01 1.199999999999999956e-01 2.529999999999999805e+00 1.000000000000000056e-01
-8.599999999999999867e-01 -1.110000000000000098e+00 -4.099999999999999756e-01 -1.799999999999999933e-01 1.000000000000000056e-01 2.910000000000000142e+00
