2.259999999999999787e+00 1.310000000000000053e+00 1.350000000000000089e+00 2.000000000000000111e-01 3.699999999999999956e-01 2.899999999999999800e-01
1.310000000000000053e+00 2.250000000000000000e+00 1.300000000000000044e+00 3.499999999999999778e-01 2.000000000000000111e-01 3.699999999999999956e-01
1.350000000000000089e+00 1.300000000000000044e+00 2.250000000000000000e+00 2.999999999999999889e-01 2.899999999999999800e-01 1.900000000000000022e-01
2.000000000000000111e-01 3.499999999999999778e-01 2.999999999999999889e-01 4.799999999999999822e-01 5.000000000000000278e-02 7.000000000000000666e-02
3.699999999999999956e-01 2.000000000000000111e-01 2.899999999999999800e-01 5.000000000000000278e-02 4.099999999999999756e-01 5.000000000000000278e-02
2.899999999999999800e-01 3.699999999999999956e-01 1.900000000000000022e-01 7.000000000000000666e-02 5.000000000000000278e-02 4.299999999999999933e-01
