2.979999999999999982e+00 2.250000000000000000e+00 2.310000000000000053e+00 3.599999999999999867e-01 5.400000000000000355e-01 4.699999999999999734e-01
2.250000000000000000e+00 3.069999999999999840e+00 2.259999999999999787e+00 5.100000000000000089e-01 3.599999999999999867e-01 5.400000000000000355e-01
2.310000000000000053e+00 2.259999999999999787e+00 3.080000000000000071e+00 4.699999999999999734e-01 4.799999999999999822e-01 3.699999999999999956e-01
3.599999999999999867e-01 5.100000000000000089e-01 4.699999999999999734e-01 5.400000000000000355e-01 2.000000000000000111e-01 2.300000000000000100e-01
5.400000000000000355e-01 3.599999999999999867e-01 4.799999999999999822e-01 2.000000000000000111e-01 6.099999999999999867e-01 2.099999999999999922e-01
4.699999999999999734e-01 5.400000000000000355e-01 3.699999999999999956e-01 2.300000000000000100e-01 2.099999999999999922e-01 4.299999999999999933e-01
