1.010999999999999943e+01 4.870000000000000107e+00 4.929999999999999716e+00 -6.600000000000000311e-01 -1.350000000000000089e+00 -8.800000000000000044e-01
4.870000000000000107e+00 1.008999999999999986e+01 4.990000000000000213e+00 -1.419999999999999929e+00 -5.899999999999999689e-01 -1.199999999999999956e+00
4.929999999999999716e+00 4.990000000000000213e+00 1.019999999999999929e+01 -1.090000000000000080e+00 -1.070000000000000062e+00 -4.099999999999999756e-01
-6.600000000000000311e-01 -1.419999999999999929e+00 -1.090000000000000080e+00 3.100000000000000089e+00 1.300000000000000044e-01 -7.000000000000000666e-02
-1.350000000000000089e+00 -5.899999999999999689e-01 -1.070000000000000062e+00 1.300000000000000044e-01 2.540000000000000036e+00 1.900000000000000022e-01
-8.800000000000000044e-01 -1.199999999999999956e+00 -4.099999999999999756e-01 -7.000000000000000666e-02 1.900000000000000022e-01 2.490000000000000213e+00
