9.769999999999999574e+00 4.629999999999999893e+00 4.669999999999999929e+00 -4.699999999999999734e-01 -1.179999999999999938e+00 -9.000000000000000222e-01
4.629999999999999893e+00 9.939999999999999503e+00 4.650000000000000355e+00 -1.270000000000000018e+00 -4.299999999999999933e-01 -1.169999999999999929e+00
4.669999999999999929e+00 4.650000000000000355e+00 9.689999999999999503e+00 -9.000000000000000222e-01 -9.000000000000000222e-01 -4.799999999999999822e-01
-4.699999999999999734e-01 -1.270000000000000018e+00 -9.000000000000000222e-01 2.439999999999999947e+00 2.999999999999999889e-01 2.200000000000000011e-01
-1.179999999999999938e+00 -4.299999999999999933e-01 -9.000000000000000222e-01 2.999999999999999889e-01 2.580000000000000071e+00 -2.999999999999999889e-02
-9.000000000000000222e-01 -1.169999999999999929e+00 -4.799999999999999822e-01 2.200000000000000011e-01 -2.999999999999999889e-02 2.600000000000000089e+00
