8.460000000000000853e+00 3.720000000000000195e+00 3.479999999999999982e+00 -3.499999999999999778e-01 -1.070000000000000062e+00 -7.600000000000000089e-01
3.720000000000000195e+00 8.289999999999999147e+00 3.689999999999999947e+00 -1.010000000000000009e+00 -3.200000000000000067e-01 -9.699999999999999734e-01
3.479999999999999982e+00 3.689999999999999947e+00 8.449999999999999289e+00 -7.600000000000000089e-01 -7.900000000000000355e-01 -2.399999999999999911e-01
-3.499999999999999778e-01 -1.010000000000000009e+00 -7.600000000000000089e-01 2.399999999999999911e+00 -4.000000000000000083e-02 -2.300000000000000100e-01
-1.070000000000000062e+00 -3.200000000000000067e-01 -7.900000000000000355e-01 -4.000000000000000083e-02 2.540000000000000036e+00 -2.500000000000000000e-01
-7.600000000000000089e-01 -9.699999999999999734e-01 -2.399999999999999911e-01 -2.300000000000000100e-01 -2.500000000000000000e-01 2.950000000000000178e+00
