8.199999999999999289e+00 3.669999999999999929e+00 3.660000000000000142e+00 -3.599999999999999867e-01 -9.499999999999999556e-01 -8.000000000000000444e-01
3.669999999999999929e+00 8.619999999999999218e+00 3.569999999999999840e+00 -1.060000000000000053e+00 -2.999999999999999889e-01 -1.030000000000000027e+00
3.660000000000000142e+00 3.569999999999999840e+00 8.589999999999999858e+00 -8.100000000000000533e-01 -6.999999999999999556e-01 -2.600000000000000089e-01
-3.599999999999999867e-01 -1.060000000000000053e+00 -8.100000000000000533e-01 2.770000000000000018e+00 8.000000000000000167e-02 -1.600000000000000033e-01
-9.499999999999999556e-01 -2.999999999999999889e-01 -6.999999999999999556e-01 8.000000000000000167e-02 2.680000000000000160e+00 -1.100000000000000006e-01
-8.000000000000000444e-01 -1.030000000000000027e+00 -2.600000000000000089e-01 -1.600000000000000033e-01 -1.100000000000000006e-01 2.919999999999999929e+00
