2.430000000000000160e+00 1.520000000000000018e+00 1.550000000000000044e+00 2.300000000000000100e-01 3.900000000000000133e-01 3.200000000000000067e-01
1.520000000000000018e+00 2.379999999999999893e+00 1.530000000000000027e+00 3.699999999999999956e-01 2.099999999999999922e-01 4.000000000000000222e-01
1.550000000000000044e+00 1.530000000000000027e+00 2.470000000000000195e+00 3.099999999999999978e-01 3.200000000000000067e-01 2.300000000000000100e-01
2.300000000000000100e-01 3.699999999999999956e-01 3.099999999999999978e-01 4.699999999999999734e-01 1.199999999999999956e-01 1.100000000000000006e-01
3.900000000000000133e-01 2.099999999999999922e-01 3.200000000000000067e-01 1.199999999999999956e-01 6.099999999999999867e-01 1.199999999999999956e-01
3.200000000000000067e-01 4.000000000000000222e-01 2.300000000000000100e-01 1.100000000000000006e-01 1.199999999999999956e-01 4.899999999999999911e-01
