2.879999999999999893e+00 1.889999999999999902e+00 1.889999999999999902e+00 2.899999999999999800e-01 4.699999999999999734e-01 3.900000000000000133e-01
1.889999999999999902e+00 2.819999999999999840e+00 1.899999999999999911e+00 4.500000000000000111e-01 2.899999999999999800e-01 4.600000000000000200e-01
1.889999999999999902e+00 1.899999999999999911e+00 2.919999999999999929e+00 3.800000000000000044e-01 3.800000000000000044e-01 2.700000000000000178e-01
2.899999999999999800e-01 4.500000000000000111e-01 3.800000000000000044e-01 5.699999999999999512e-01 1.100000000000000006e-01 1.400000000000000133e-01
4.699999999999999734e-01 2.899999999999999800e-01 3.800000000000000044e-01 1.100000000000000006e-01 5.100000000000000089e-01 2.000000000000000111e-01
3.900000000000000133e-01 4.600000000000000200e-01 2.700000000000000178e-01 1.400000000000000133e-01 2.000000000000000111e-01 5.799999999999999600e-01
