2.379999999999999893e+00 1.570000000000000062e+00 1.520000000000000018e+00 2.500000000000000000e-01 4.099999999999999756e-01 3.300000000000000155e-01
1.570000000000000062e+00 2.370000000000000107e+00 1.540000000000000036e+00 3.900000000000000133e-01 2.399999999999999911e-01 4.199999999999999845e-01
1.520000000000000018e+00 1.540000000000000036e+00 2.350000000000000089e+00 3.099999999999999978e-01 3.300000000000000155e-01 2.399999999999999911e-01
2.500000000000000000e-01 3.900000000000000133e-01 3.099999999999999978e-01 4.899999999999999911e-01 8.000000000000000167e-02 1.300000000000000044e-01
4.099999999999999756e-01 2.399999999999999911e-01 3.300000000000000155e-01 8.000000000000000167e-02 5.100000000000000089e-01 1.199999999999999956e-01
3.300000000000000155e-01 4.199999999999999845e-01 2.399999999999999911e-01 1.300000000000000044e-01 1.199999999999999956e-01 5.400000000000000355e-01
