2.240000000000000213e+00 1.409999999999999920e+00 1.419999999999999929e+00 2.399999999999999911e-01 3.699999999999999956e-01 3.200000000000000067e-01
1.409999999999999920e+00 2.359999999999999876e+00 1.429999999999999938e+00 4.000000000000000222e-01 2.099999999999999922e-01 4.000000000000000222e-01
1.419999999999999929e+00 1.429999999999999938e+00 2.439999999999999947e+00 3.200000000000000067e-01 2.999999999999999889e-01 2.300000000000000100e-01
2.399999999999999911e-01 4.000000000000000222e-01 3.200000000000000067e-01 4.400000000000000022e-01 8.999999999999999667e-02 8.999999999999999667e-02
3.699999999999999956e-01 2.099999999999999922e-01 2.999999999999999889e-01 8.999999999999999667e-02 5.300000000000000266e-01 1.199999999999999956e-01
3.200000000000000067e-01 4.000000000000000222e-01 2.300000000000000100e-01 8.999999999999999667e-02 1.199999999999999956e-01 4.799999999999999822e-01
