9.630000000000000782e+00 4.629999999999999893e+00 4.469999999999999751e+00 -3.599999999999999867e-01 -1.120000000000000107e+00 -9.499999999999999556e-01
4.629999999999999893e+00 9.669999999999999929e+00 4.650000000000000355e+00 -1.189999999999999947e+00 -4.299999999999999933e-01 -1.199999999999999956e+00
4.469999999999999751e+00 4.650000000000000355e+00 9.669999999999999929e+00 -8.800000000000000044e-01 -8.599999999999999867e-01 -4.899999999999999911e-01
-3.599999999999999867e-01 -1.189999999999999947e+00 -8.800000000000000044e-01 2.839999999999999858e+00 -2.999999999999999889e-02 -7.000000000000000666e-02
-1.120000000000000107e+00 -4.299999999999999933e-01 -8.599999999999999867e-01 -2.999999999999999889e-02 2.660000000000000142e+00 2.000000000000000042e-02
-9.499999999999999556e-01 -1.199999999999999956e+00 -4.899999999999999911e-01 -7.000000000000000666e-02 2.000000000000000042e-02 2.740000000000000213e+00
