9.960000000000000853e+00 4.830000000000000071e+00 4.830000000000000071e+00 -5.400000000000000355e-01 -1.199999999999999956e+00 -9.899999999999999911e-01
4.830000000000000071e+00 9.929999999999999716e+00 4.809999999999999609e+00 -1.290000000000000036e+00 -4.099999999999999756e-01 -1.280000000000000027e+00
4.830000000000000071e+00 4.809999999999999609e+00 1.000000000000000000e+01 -9.599999999999999645e-01 -9.000000000000000222e-01 -5.200000000000000178e-01
-5.400000000000000355e-01 -1.290000000000000036e+00 -9.599999999999999645e-01 2.649999999999999911e+00 1.900000000000000022e-01 2.300000000000000100e-01
-1.199999999999999956e+00 -4.099999999999999756e-01 -9.000000000000000222e-01 1.900000000000000022e-01 2.819999999999999840e+00 2.099999999999999922e-01
-9.899999999999999911e-01 -1.280000000000000027e+00 -5.200000000000000178e-01 2.300000000000000100e-01 2.099999999999999922e-01 2.689999999999999947e+00
