5.019999999999999574e+00 3.850000000000000089e+00 3.859999999999999876e+00 -5.000000000000000278e-02 -4.000000000000000222e-01 3.400000000000000244e-01
3.850000000000000089e+00 4.580000000000000071e+00 3.359999999999999876e+00 5.799999999999999600e-01 2.000000000000000042e-02 1.199999999999999956e-01
3.859999999999999876e+00 3.359999999999999876e+00 4.530000000000000249e+00 -5.200000000000000178e-01 3.400000000000000244e-01 1.600000000000000033e-01
-5.000000000000000278e-02 5.799999999999999600e-01 -5.200000000000000178e-01 1.889999999999999902e+00 1.600000000000000033e-01 -1.060000000000000053e+00
-4.000000000000000222e-01 2.000000000000000042e-02 3.400000000000000244e-01 1.600000000000000033e-01 1.489999999999999991e+00 -2.300000000000000100e-01
3.400000000000000244e-01 1.199999999999999956e-01 1.600000000000000033e-01 -1.060000000000000053e+00 -2.300000000000000100e-01 5.589999999999999858e+00
