3.310000000000000053e+00 2.430000000000000160e+00 2.379999999999999893e+00 1.000000000000000021e-02 -3.300000000000000155e-01 1.700000000000000122e-01
2.430000000000000160e+00 2.910000000000000142e+00 1.909999999999999920e+00 4.199999999999999845e-01 -2.999999999999999889e-02 8.999999999999999667e-02
2.379999999999999893e+00 1.909999999999999920e+00 2.870000000000000107e+00 -3.300000000000000155e-01 2.600000000000000089e-01 2.899999999999999800e-01
1.000000000000000021e-02 4.199999999999999845e-01 -3.300000000000000155e-01 1.469999999999999973e+00 7.000000000000000666e-02 -6.800000000000000488e-01
-3.300000000000000155e-01 -2.999999999999999889e-02 2.600000000000000089e-01 7.000000000000000666e-02 1.209999999999999964e+00 1.300000000000000044e-01
1.700000000000000122e-01 8.999999999999999667e-02 2.899999999999999800e-01 -6.800000000000000488e-01 1.300000000000000044e-01 4.080000000000000071e+00
