3.549999999999999822e+00 2.600000000000000089e+00 2.589999999999999858e+00 -4.000000000000000083e-02 -4.099999999999999756e-01 2.000000000000000111e-01
2.600000000000000089e+00 3.109999999999999876e+00 2.089999999999999858e+00 4.299999999999999933e-01 7.000000000000000666e-02 1.700000000000000122e-01
2.589999999999999858e+00 2.089999999999999858e+00 3.100000000000000089e+00 -3.099999999999999978e-01 3.499999999999999778e-01 1.799999999999999933e-01
-4.000000000000000083e-02 4.299999999999999933e-01 -3.099999999999999978e-01 1.840000000000000080e+00 2.300000000000000100e-01 -8.900000000000000133e-01
-4.099999999999999756e-01 7.000000000000000666e-02 3.499999999999999778e-01 2.300000000000000100e-01 1.489999999999999991e+00 -1.000000000000000056e-01
2.000000000000000111e-01 1.700000000000000122e-01 1.799999999999999933e-01 -8.900000000000000133e-01 -1.000000000000000056e-01 4.580000000000000071e+00
