3.609999999999999876e+00 2.740000000000000213e+00 2.790000000000000036e+00 -0.000000000000000000e+00 -2.600000000000000089e-01 2.999999999999999889e-02
2.740000000000000213e+00 3.319999999999999840e+00 2.370000000000000107e+00 4.699999999999999734e-01 7.000000000000000666e-02 -1.000000000000000021e-02
2.790000000000000036e+00 2.370000000000000107e+00 3.419999999999999929e+00 -4.199999999999999845e-01 2.700000000000000178e-01 1.799999999999999933e-01
-0.000000000000000000e+00 4.699999999999999734e-01 -4.199999999999999845e-01 1.689999999999999947e+00 1.900000000000000022e-01 -8.000000000000000444e-01
-2.600000000000000089e-01 7.000000000000000666e-02 2.700000000000000178e-01 1.900000000000000022e-01 1.169999999999999929e+00 2.000000000000000042e-02
2.999999999999999889e-02 -1.000000000000000021e-02 1.799999999999999933e-01 -8.000000000000000444e-01 2.000000000000000042e-02 4.790000000000000036e+00
