4.450000000000000178e+00 3.410000000000000142e+00 3.370000000000000107e+00 4.000000000000000083e-02 -3.099999999999999978e-01 3.800000000000000044e-01
3.410000000000000142e+00 4.049999999999999822e+00 3.180000000000000160e+00 5.000000000000000000e-01 1.199999999999999956e-01 2.999999999999999889e-02
3.370000000000000107e+00 3.180000000000000160e+00 4.049999999999999822e+00 -3.200000000000000067e-01 3.499999999999999778e-01 2.300000000000000100e-01
4.000000000000000083e-02 5.000000000000000000e-01 -3.200000000000000067e-01 2.060000000000000053e+00 1.199999999999999956e-01 -9.599999999999999645e-01
-3.099999999999999978e-01 1.199999999999999956e-01 3.499999999999999778e-01 1.199999999999999956e-01 1.350000000000000089e+00 4.000000000000000083e-02
3.800000000000000044e-01 2.999999999999999889e-02 2.300000000000000100e-01 -9.599999999999999645e-01 4.000000000000000083e-02 4.990000000000000213e+00
