3.649999999999999911e+00 2.689999999999999947e+00 2.720000000000000195e+00 -5.000000000000000278e-02 -2.600000000000000089e-01 2.899999999999999800e-01
2.689999999999999947e+00 3.220000000000000195e+00 2.220000000000000195e+00 4.000000000000000222e-01 2.000000000000000042e-02 1.000000000000000056e-01
2.720000000000000195e+00 2.220000000000000195e+00 3.310000000000000053e+00 -5.100000000000000089e-01 3.200000000000000067e-01 2.800000000000000266e-01
-5.000000000000000278e-02 4.000000000000000222e-01 -5.100000000000000089e-01 1.790000000000000036e+00 -1.000000000000000021e-02 -9.599999999999999645e-01
-2.600000000000000089e-01 2.000000000000000042e-02 3.200000000000000067e-01 -1.000000000000000021e-02 1.139999999999999902e+00 -8.000000000000000167e-02
2.899999999999999800e-01 1.000000000000000056e-01 2.800000000000000266e-01 -9.599999999999999645e-01 -8.000000000000000167e-02 4.240000000000000213e+00
