3.149999999999999911e+00 2.220000000000000195e+00 2.229999999999999982e+00 -2.000000000000000042e-02 -3.300000000000000155e-01 2.700000000000000178e-01
2.220000000000000195e+00 2.830000000000000071e+00 1.830000000000000071e+00 4.299999999999999933e-01 2.999999999999999889e-02 1.300000000000000044e-01
2.229999999999999982e+00 1.830000000000000071e+00 2.720000000000000195e+00 -4.000000000000000222e-01 2.200000000000000011e-01 2.899999999999999800e-01
-2.000000000000000042e-02 4.299999999999999933e-01 -4.000000000000000222e-01 1.639999999999999902e+00 7.000000000000000666e-02 -1.010000000000000009e+00
-3.300000000000000155e-01 2.999999999999999889e-02 2.200000000000000011e-01 7.000000000000000666e-02 1.219999999999999973e+00 -1.000000000000000056e-01
2.700000000000000178e-01 1.300000000000000044e-01 2.899999999999999800e-01 -1.010000000000000009e+00 -1.000000000000000056e-01 4.469999999999999751e+00
