3.750000000000000000e+00 2.819999999999999840e+00 2.799999999999999822e+00 -7.000000000000000666e-02 -3.099999999999999978e-01 2.600000000000000089e-01
2.819999999999999840e+00 3.250000000000000000e+00 2.399999999999999911e+00 3.800000000000000044e-01 7.000000000000000666e-02 1.799999999999999933e-01
2.799999999999999822e+00 2.399999999999999911e+00 3.279999999999999805e+00 -4.099999999999999756e-01 2.999999999999999889e-01 3.699999999999999956e-01
-7.000000000000000666e-02 3.800000000000000044e-01 -4.099999999999999756e-01 1.719999999999999973e+00 1.000000000000000056e-01 -8.199999999999999512e-01
-3.099999999999999978e-01 7.000000000000000666e-02 2.999999999999999889e-01 1.000000000000000056e-01 1.250000000000000000e+00 -5.000000000000000278e-02
2.600000000000000089e-01 1.799999999999999933e-01 3.699999999999999956e-01 -8.199999999999999512e-01 -5.000000000000000278e-02 4.700000000000000178e+00
