3.410000000000000142e+00 2.549999999999999822e+00 2.580000000000000071e+00 -5.999999999999999778e-02 -3.099999999999999978e-01 2.600000000000000089e-01
2.549999999999999822e+00 3.160000000000000142e+00 2.240000000000000213e+00 4.000000000000000222e-01 1.000000000000000056e-01 5.999999999999999778e-02
2.580000000000000071e+00 2.240000000000000213e+00 3.200000000000000178e+00 -3.400000000000000244e-01 3.200000000000000067e-01 1.499999999999999944e-01
-5.999999999999999778e-02 4.000000000000000222e-01 -3.400000000000000244e-01 1.719999999999999973e+00 1.600000000000000033e-01 -8.299999999999999600e-01
-3.099999999999999978e-01 1.000000000000000056e-01 3.200000000000000067e-01 1.600000000000000033e-01 1.280000000000000027e+00 -1.700000000000000122e-01
2.600000000000000089e-01 5.999999999999999778e-02 1.499999999999999944e-01 -8.299999999999999600e-01 -1.700000000000000122e-01 4.349999999999999645e+00
