1.169999999999999929e+00 1.110000000000000098e+00 1.110000000000000098e+00 2.999999999999999889e-02 -4.000000000000000083e-02 2.999999999999999889e-02
1.110000000000000098e+00 1.179999999999999938e+00 1.110000000000000098e+00 4.000000000000000083e-02 -2.999999999999999889e-02 1.000000000000000021e-02
1.110000000000000098e+00 1.110000000000000098e+00 1.179999999999999938e+00 2.000000000000000042e-02 -2.999999999999999889e-02 2.999999999999999889e-02
2.999999999999999889e-02 4.000000000000000083e-02 2.000000000000000042e-02 1.000000000000000000e+00 2.999999999999999889e-02 7.000000000000000666e-02
-4.000000000000000083e-02 -2.999999999999999889e-02 -2.999999999999999889e-02 2.999999999999999889e-02 9.000000000000000222e-01 -8.000000000000000167e-02
2.999999999999999889e-02 1.000000000000000021e-02 2.999999999999999889e-02 7.000000000000000666e-02 -8.000000000000000167e-02 1.040000000000000036e+00
