7.199999999999999734e-01 6.899999999999999467e-01 6.800000000000000488e-01 -2.999999999999999889e-02 -2.999999999999999889e-02 -2.000000000000000042e-02
6.899999999999999467e-01 7.500000000000000000e-01 6.999999999999999556e-01 -1.000000000000000021e-02 -2.999999999999999889e-02 -2.000000000000000042e-02
6.800000000000000488e-01 6.999999999999999556e-01 7.299999999999999822e-01 -2.000000000000000042e-02 -2.999999999999999889e-02 -2.000000000000000042e-02
-2.999999999999999889e-02 -1.000000000000000021e-02 -2.000000000000000042e-02 8.000000000000000444e-01 5.000000000000000278e-02 -2.000000000000000042e-02
-2.999999999999999889e-02 -2.999999999999999889e-02 -2.999999999999999889e-02 5.000000000000000278e-02 7.700000000000000178e-01 -4.000000000000000083e-02
-2.000000000000000042e-02 -2.000000000000000042e-02 -2.000000000000000042e-02 -2.000000000000000042e-02 -4.000000000000000083e-02 8.199999999999999512e-01
