8.900000000000000133e-01 8.199999999999999512e-01 8.299999999999999600e-01 1.000000000000000021e-02 2.000000000000000042e-02 -1.000000000000000021e-02
8.199999999999999512e-01 8.900000000000000133e-01 8.199999999999999512e-01 1.000000000000000021e-02 2.000000000000000042e-02 -2.000000000000000042e-02
8.299999999999999600e-01 8.199999999999999512e-01 8.699999999999999956e-01 1.000000000000000021e-02 1.000000000000000021e-02 -1.000000000000000021e-02
1.000000000000000021e-02 1.000000000000000021e-02 1.000000000000000021e-02 8.299999999999999600e-01 -1.000000000000000056e-01 -4.000000000000000083e-02
2.000000000000000042e-02 2.000000000000000042e-02 1.000000000000000021e-02 -1.000000000000000056e-01 9.100000000000000311e-01 -5.999999999999999778e-02
-1.000000000000000021e-02 -2.000000000000000042e-02 -1.000000000000000021e-02 -4.000000000000000083e-02 -5.999999999999999778e-02 8.399999999999999689e-01
