1.250000000000000000e+00 1.159999999999999920e+00 1.199999999999999956e+00 -1.000000000000000021e-02 -5.000000000000000278e-02 0.000000000000000000e+00
1.159999999999999920e+00 1.219999999999999973e+00 1.159999999999999920e+00 0.000000000000000000e+00 -2.999999999999999889e-02 -0.000000000000000000e+00
1.199999999999999956e+00 1.159999999999999920e+00 1.270000000000000018e+00 -1.000000000000000021e-02 -5.000000000000000278e-02 1.000000000000000021e-02
-1.000000000000000021e-02 0.000000000000000000e+00 -1.000000000000000021e-02 1.179999999999999938e+00 8.000000000000000167e-02 2.999999999999999889e-02
-5.000000000000000278e-02 -2.999999999999999889e-02 -5.000000000000000278e-02 8.000000000000000167e-02 1.100000000000000089e+00 2.099999999999999922e-01
0.000000000000000000e+00 -0.000000000000000000e+00 1.000000000000000021e-02 2.999999999999999889e-02 2.099999999999999922e-01 7.199999999999999734e-01
