5.899999999999999689e-01 5.400000000000000355e-01 5.300000000000000266e-01 -0.000000000000000000e+00 -1.000000000000000021e-02 0.000000000000000000e+00
5.400000000000000355e-01 6.199999999999999956e-01 5.500000000000000444e-01 -2.000000000000000042e-02 -1.000000000000000021e-02 1.000000000000000021e-02
5.300000000000000266e-01 5.500000000000000444e-01 5.899999999999999689e-01 -0.000000000000000000e+00 -2.000000000000000042e-02 1.000000000000000021e-02
-0.000000000000000000e+00 -2.000000000000000042e-02 -0.000000000000000000e+00 9.300000000000000488e-01 -7.000000000000000666e-02 1.000000000000000021e-02
-1.000000000000000021e-02 -1.000000000000000021e-02 -2.000000000000000042e-02 -7.000000000000000666e-02 8.900000000000000133e-01 5.999999999999999778e-02
0.000000000000000000e+00 1.000000000000000021e-02 1.000000000000000021e-02 1.000000000000000021e-02 5.999999999999999778e-02 9.000000000000000222e-01
