1.429999999999999938e+00 1.350000000000000089e+00 1.379999999999999893e+00 0.000000000000000000e+00 -2.000000000000000042e-02 -2.000000000000000042e-02
1.350000000000000089e+00 1.419999999999999929e+00 1.360000000000000098e+00 1.000000000000000021e-02 -1.000000000000000021e-02 -2.000000000000000042e-02
1.379999999999999893e+00 1.360000000000000098e+00 1.429999999999999938e+00 1.000000000000000021e-02 -2.000000000000000042e-02 -2.999999999999999889e-02
0.000000000000000000e+00 1.000000000000000021e-02 1.000000000000000021e-02 1.149999999999999911e+00 2.200000000000000011e-01 -2.000000000000000042e-02
-2.000000000000000042e-02 -1.000000000000000021e-02 -2.000000000000000042e-02 2.200000000000000011e-01 1.219999999999999973e+00 -1.199999999999999956e-01
-2.000000000000000042e-02 -2.000000000000000042e-02 -2.999999999999999889e-02 -2.000000000000000042e-02 -1.199999999999999956e-01 1.229999999999999982e+00
