1.250000000000000000e+00 1.189999999999999947e+00 1.179999999999999938e+00 2.999999999999999889e-02 -5.999999999999999778e-02 -0.000000000000000000e+00
1.189999999999999947e+00 1.250000000000000000e+00 1.179999999999999938e+00 2.999999999999999889e-02 -5.000000000000000278e-02 0.000000000000000000e+00
1.179999999999999938e+00 1.179999999999999938e+00 1.250000000000000000e+00 2.000000000000000042e-02 -5.999999999999999778e-02 -0.000000000000000000e+00
2.999999999999999889e-02 2.999999999999999889e-02 2.000000000000000042e-02 9.000000000000000222e-01 5.999999999999999778e-02 -2.000000000000000111e-01
-5.999999999999999778e-02 -5.000000000000000278e-02 -5.999999999999999778e-02 5.999999999999999778e-02 1.100000000000000089e+00 -1.000000000000000056e-01
-0.000000000000000000e+00 0.000000000000000000e+00 -0.000000000000000000e+00 -2.000000000000000111e-01 -1.000000000000000056e-01 8.100000000000000533e-01
