2.529999999999999805e+00 2.259999999999999787e+00 2.290000000000000036e+00 -1.400000000000000133e-01 -4.000000000000000083e-02 -3.400000000000000244e-01
2.259999999999999787e+00 2.430000000000000160e+00 2.209999999999999964e+00 -1.499999999999999944e-01 -5.000000000000000278e-02 -2.999999999999999889e-01
2.290000000000000036e+00 2.209999999999999964e+00 2.529999999999999805e+00 -1.600000000000000033e-01 -2.999999999999999889e-02 -2.999999999999999889e-01
-1.400000000000000133e-01 -1.499999999999999944e-01 -1.600000000000000033e-01 2.750000000000000000e+00 2.399999999999999911e-01 8.000000000000000167e-02
-4.000000000000000083e-02 -5.000000000000000278e-02 -2.999999999999999889e-02 2.399999999999999911e-01 2.459999999999999964e+00 2.999999999999999889e-01
-3.400000000000000244e-01 -2.999999999999999889e-01 -2.999999999999999889e-01 8.000000000000000167e-02 2.999999999999999889e-01 2.640000000000000124e+00
