1.989999999999999991e+00 1.729999999999999982e+00 1.729999999999999982e+00 -2.999999999999999889e-02 5.000000000000000278e-02 2.000000000000000111e-01
1.729999999999999982e+00 1.870000000000000107e+00 1.719999999999999973e+00 -2.999999999999999889e-02 2.000000000000000042e-02 1.700000000000000122e-01
1.729999999999999982e+00 1.719999999999999973e+00 1.959999999999999964e+00 -2.999999999999999889e-02 -2.999999999999999889e-02 1.799999999999999933e-01
-2.999999999999999889e-02 -2.999999999999999889e-02 -2.999999999999999889e-02 2.229999999999999982e+00 2.999999999999999889e-02 1.499999999999999944e-01
5.000000000000000278e-02 2.000000000000000042e-02 -2.999999999999999889e-02 2.999999999999999889e-02 2.520000000000000018e+00 5.999999999999999778e-02
2.000000000000000111e-01 1.700000000000000122e-01 1.799999999999999933e-01 1.499999999999999944e-01 5.999999999999999778e-02 2.370000000000000107e+00
