2.640000000000000124e+00 2.459999999999999964e+00 2.399999999999999911e+00 1.300000000000000044e-01 5.000000000000000278e-02 -2.399999999999999911e-01
2.459999999999999964e+00 2.589999999999999858e+00 2.390000000000000124e+00 1.400000000000000133e-01 7.000000000000000666e-02 -2.399999999999999911e-01
2.399999999999999911e+00 2.390000000000000124e+00 2.669999999999999929e+00 1.400000000000000133e-01 8.999999999999999667e-02 -2.500000000000000000e-01
1.300000000000000044e-01 1.400000000000000133e-01 1.400000000000000133e-01 2.569999999999999840e+00 -2.399999999999999911e-01 4.799999999999999822e-01
5.000000000000000278e-02 7.000000000000000666e-02 8.999999999999999667e-02 -2.399999999999999911e-01 2.720000000000000195e+00 7.000000000000000666e-02
-2.399999999999999911e-01 -2.399999999999999911e-01 -2.500000000000000000e-01 4.799999999999999822e-01 7.000000000000000666e-02 2.430000000000000160e+00
