1.750000000000000000e+00 1.500000000000000000e+00 1.580000000000000071e+00 1.100000000000000006e-01 -8.999999999999999667e-02 4.000000000000000083e-02
1.500000000000000000e+00 1.790000000000000036e+00 1.570000000000000062e+00 1.199999999999999956e-01 -8.000000000000000167e-02 5.000000000000000278e-02
1.580000000000000071e+00 1.570000000000000062e+00 1.719999999999999973e+00 1.199999999999999956e-01 -1.000000000000000056e-01 8.000000000000000167e-02
1.100000000000000006e-01 1.199999999999999956e-01 1.199999999999999956e-01 2.350000000000000089e+00 4.000000000000000083e-02 -1.000000000000000021e-02
-8.999999999999999667e-02 -8.000000000000000167e-02 -1.000000000000000056e-01 4.000000000000000083e-02 2.310000000000000053e+00 4.000000000000000083e-02
4.000000000000000083e-02 5.000000000000000278e-02 8.000000000000000167e-02 -1.000000000000000021e-02 4.000000000000000083e-02 2.279999999999999805e+00
