1.629999999999999893e+00 1.439999999999999947e+00 1.439999999999999947e+00 0.000000000000000000e+00 -7.000000000000000666e-02 -1.000000000000000056e-01
1.439999999999999947e+00 1.629999999999999893e+00 1.459999999999999964e+00 1.000000000000000021e-02 -4.000000000000000083e-02 -1.100000000000000006e-01
1.439999999999999947e+00 1.459999999999999964e+00 1.649999999999999911e+00 1.000000000000000021e-02 -5.000000000000000278e-02 -1.100000000000000006e-01
0.000000000000000000e+00 1.000000000000000021e-02 1.000000000000000021e-02 2.069999999999999840e+00 1.000000000000000056e-01 -2.999999999999999889e-02
-7.000000000000000666e-02 -4.000000000000000083e-02 -5.000000000000000278e-02 1.000000000000000056e-01 2.069999999999999840e+00 1.100000000000000006e-01
-1.000000000000000056e-01 -1.100000000000000006e-01 -1.100000000000000006e-01 -2.999999999999999889e-02 1.100000000000000006e-01 2.299999999999999822e+00
