2.149999999999999911e+00 1.860000000000000098e+00 1.959999999999999964e+00 -3.099999999999999978e-01 -2.000000000000000042e-02 2.399999999999999911e-01
1.860000000000000098e+00 2.180000000000000160e+00 1.830000000000000071e+00 -2.899999999999999800e-01 -4.000000000000000083e-02 2.200000000000000011e-01
1.959999999999999964e+00 1.830000000000000071e+00 2.160000000000000142e+00 -3.099999999999999978e-01 -1.000000000000000021e-02 2.200000000000000011e-01
-3.099999999999999978e-01 -2.899999999999999800e-01 -3.099999999999999978e-01 2.100000000000000089e+00 1.300000000000000044e-01 -1.600000000000000033e-01
-2.000000000000000042e-02 -4.000000000000000083e-02 -1.000000000000000021e-02 1.300000000000000044e-01 1.949999999999999956e+00 5.000000000000000278e-02
2.399999999999999911e-01 2.200000000000000011e-01 2.200000000000000011e-01 -1.600000000000000033e-01 5.000000000000000278e-02 1.739999999999999991e+00
