4.509999999999999787e+00 4.049999999999999822e+00 4.000000000000000000e+00 -3.499999999999999778e-01 -2.000000000000000042e-02 -5.999999999999999778e-02
4.049999999999999822e+00 4.469999999999999751e+00 4.040000000000000036e+00 -3.599999999999999867e-01 -2.000000000000000042e-02 -2.999999999999999889e-02
4.000000000000000000e+00 4.040000000000000036e+00 4.450000000000000178e+00 -3.400000000000000244e-01 -2.999999999999999889e-02 -5.999999999999999778e-02
-3.499999999999999778e-01 -3.599999999999999867e-01 -3.400000000000000244e-01 4.790000000000000036e+00 2.399999999999999911e-01 -1.300000000000000044e-01
-2.000000000000000042e-02 -2.000000000000000042e-02 -2.999999999999999889e-02 2.399999999999999911e-01 4.160000000000000142e+00 1.700000000000000122e-01
-5.999999999999999778e-02 -2.999999999999999889e-02 -5.999999999999999778e-02 -1.300000000000000044e-01 1.700000000000000122e-01 4.440000000000000391e+00
