4.070000000000000284e+00 3.689999999999999947e+00 3.709999999999999964e+00 -2.000000000000000042e-02 5.000000000000000278e-02 -1.300000000000000044e-01
3.689999999999999947e+00 4.160000000000000142e+00 3.580000000000000071e+00 -2.000000000000000042e-02 5.000000000000000278e-02 -1.300000000000000044e-01
3.709999999999999964e+00 3.580000000000000071e+00 4.190000000000000391e+00 -5.000000000000000278e-02 2.999999999999999889e-02 -1.400000000000000133e-01
-2.000000000000000042e-02 -2.000000000000000042e-02 -5.000000000000000278e-02 4.620000000000000107e+00 8.000000000000000167e-02 5.999999999999999778e-02
5.000000000000000278e-02 5.000000000000000278e-02 2.999999999999999889e-02 8.000000000000000167e-02 4.570000000000000284e+00 5.000000000000000278e-02
-1.300000000000000044e-01 -1.300000000000000044e-01 -1.400000000000000133e-01 5.999999999999999778e-02 5.000000000000000278e-02 4.660000000000000142e+00
