4.169999999999999929e+00 3.879999999999999893e+00 3.819999999999999840e+00 -1.100000000000000006e-01 -2.200000000000000011e-01 -8.000000000000000167e-02
3.879999999999999893e+00 4.200000000000000178e+00 3.770000000000000018e+00 -1.499999999999999944e-01 -2.200000000000000011e-01 -8.999999999999999667e-02
3.819999999999999840e+00 3.770000000000000018e+00 4.250000000000000000e+00 -1.000000000000000056e-01 -2.200000000000000011e-01 -8.000000000000000167e-02
-1.100000000000000006e-01 -1.499999999999999944e-01 -1.000000000000000056e-01 4.379999999999999893e+00 8.000000000000000167e-02 4.099999999999999756e-01
-2.200000000000000011e-01 -2.200000000000000011e-01 -2.200000000000000011e-01 8.000000000000000167e-02 3.970000000000000195e+00 2.000000000000000042e-02
-8.000000000000000167e-02 -8.999999999999999667e-02 -8.000000000000000167e-02 4.099999999999999756e-01 2.000000000000000042e-02 4.209999999999999964e+00
