3.950000000000000178e+00 3.479999999999999982e+00 3.560000000000000053e+00 -0.000000000000000000e+00 -2.200000000000000011e-01 -1.100000000000000006e-01
3.479999999999999982e+00 3.950000000000000178e+00 3.390000000000000124e+00 2.000000000000000042e-02 -2.000000000000000111e-01 -1.300000000000000044e-01
3.560000000000000053e+00 3.390000000000000124e+00 3.939999999999999947e+00 2.000000000000000042e-02 -2.399999999999999911e-01 -1.400000000000000133e-01
-0.000000000000000000e+00 2.000000000000000042e-02 2.000000000000000042e-02 4.179999999999999716e+00 2.800000000000000266e-01 7.000000000000000666e-02
-2.200000000000000011e-01 -2.000000000000000111e-01 -2.399999999999999911e-01 2.800000000000000266e-01 4.110000000000000320e+00 -1.300000000000000044e-01
-1.100000000000000006e-01 -1.300000000000000044e-01 -1.400000000000000133e-01 7.000000000000000666e-02 -1.300000000000000044e-01 4.250000000000000000e+00
