4.650000000000000355e+00 4.349999999999999645e+00 4.290000000000000036e+00 -1.499999999999999944e-01 2.500000000000000000e-01 -5.000000000000000278e-02
4.349999999999999645e+00 4.690000000000000391e+00 4.240000000000000213e+00 -1.499999999999999944e-01 2.500000000000000000e-01 -5.000000000000000278e-02
4.290000000000000036e+00 4.240000000000000213e+00 4.740000000000000213e+00 -1.400000000000000133e-01 2.500000000000000000e-01 -4.000000000000000083e-02
-1.499999999999999944e-01 -1.499999999999999944e-01 -1.400000000000000133e-01 4.730000000000000426e+00 2.600000000000000089e-01 1.100000000000000006e-01
2.500000000000000000e-01 2.500000000000000000e-01 2.500000000000000000e-01 2.600000000000000089e-01 4.269999999999999574e+00 1.400000000000000133e-01
-5.000000000000000278e-02 -5.000000000000000278e-02 -4.000000000000000083e-02 1.100000000000000006e-01 1.400000000000000133e-01 4.179999999999999716e+00
