4.549999999999999822e+00 4.230000000000000426e+00 4.179999999999999716e+00 -1.199999999999999956e-01 1.000000000000000056e-01 1.000000000000000056e-01
4.230000000000000426e+00 4.629999999999999893e+00 4.120000000000000107e+00 -1.400000000000000133e-01 7.000000000000000666e-02 1.000000000000000056e-01
4.179999999999999716e+00 4.120000000000000107e+00 4.639999999999999680e+00 -1.199999999999999956e-01 8.000000000000000167e-02 1.300000000000000044e-01
-1.199999999999999956e-01 -1.400000000000000133e-01 -1.199999999999999956e-01 4.320000000000000284e+00 1.700000000000000122e-01 -2.999999999999999889e-01
1.000000000000000056e-01 7.000000000000000666e-02 8.000000000000000167e-02 1.700000000000000122e-01 4.410000000000000142e+00 -1.199999999999999956e-01
1.000000000000000056e-01 1.000000000000000056e-01 1.300000000000000044e-01 -2.999999999999999889e-01 -1.199999999999999956e-01 4.580000000000000071e+00
