4.629999999999999893e+00 3.979999999999999982e+00 4.190000000000000391e+00 2.999999999999999889e-01 -5.999999999999999778e-02 -1.300000000000000044e-01
3.979999999999999982e+00 4.669999999999999929e+00 4.179999999999999716e+00 3.099999999999999978e-01 -5.999999999999999778e-02 -1.400000000000000133e-01
4.190000000000000391e+00 4.179999999999999716e+00 4.419999999999999929e+00 2.999999999999999889e-01 -5.999999999999999778e-02 -1.300000000000000044e-01
2.999999999999999889e-01 3.099999999999999978e-01 2.999999999999999889e-01 3.439999999999999947e+00 -3.599999999999999867e-01 -8.800000000000000044e-01
-5.999999999999999778e-02 -5.999999999999999778e-02 -5.999999999999999778e-02 -3.599999999999999867e-01 4.509999999999999787e+00 8.999999999999999667e-02
-1.300000000000000044e-01 -1.400000000000000133e-01 -1.300000000000000044e-01 -8.800000000000000044e-01 8.999999999999999667e-02 4.259999999999999787e+00
