4.160000000000000142e+00 3.950000000000000178e+00 3.990000000000000213e+00 -3.499999999999999778e-01 2.999999999999999889e-01 -6.400000000000000133e-01
3.950000000000000178e+00 4.349999999999999645e+00 3.839999999999999858e+00 -3.499999999999999778e-01 2.899999999999999800e-01 -6.400000000000000133e-01
3.990000000000000213e+00 3.839999999999999858e+00 4.280000000000000249e+00 -3.499999999999999778e-01 2.999999999999999889e-01 -6.300000000000000044e-01
-3.499999999999999778e-01 -3.499999999999999778e-01 -3.499999999999999778e-01 4.919999999999999929e+00 -7.000000000000000666e-02 -2.999999999999999889e-02
2.999999999999999889e-01 2.899999999999999800e-01 2.999999999999999889e-01 -7.000000000000000666e-02 5.250000000000000000e+00 4.600000000000000200e-01
-6.400000000000000133e-01 -6.400000000000000133e-01 -6.300000000000000044e-01 -2.999999999999999889e-02 4.600000000000000200e-01 4.030000000000000249e+00
