4.910000000000000142e+00 4.519999999999999574e+00 4.599999999999999645e+00 2.500000000000000000e-01 1.000000000000000056e-01 2.700000000000000178e-01
4.519999999999999574e+00 4.969999999999999751e+00 4.589999999999999858e+00 2.300000000000000100e-01 1.000000000000000056e-01 2.800000000000000266e-01
4.599999999999999645e+00 4.589999999999999858e+00 4.919999999999999929e+00 2.500000000000000000e-01 8.000000000000000167e-02 2.700000000000000178e-01
2.500000000000000000e-01 2.300000000000000100e-01 2.500000000000000000e-01 4.110000000000000320e+00 1.700000000000000122e-01 -1.199999999999999956e-01
1.000000000000000056e-01 1.000000000000000056e-01 8.000000000000000167e-02 1.700000000000000122e-01 4.660000000000000142e+00 1.100000000000000006e-01
2.700000000000000178e-01 2.800000000000000266e-01 2.700000000000000178e-01 -1.199999999999999956e-01 1.100000000000000006e-01 4.799999999999999822e+00
