5.580000000000000071e+00 4.719999999999999751e+00 4.799999999999999822e+00 3.599999999999999867e-01 -1.000000000000000056e-01 -2.200000000000000011e-01
4.719999999999999751e+00 5.379999999999999893e+00 5.009999999999999787e+00 3.599999999999999867e-01 -8.000000000000000167e-02 -2.300000000000000100e-01
4.799999999999999822e+00 5.009999999999999787e+00 5.309999999999999609e+00 3.599999999999999867e-01 -8.999999999999999667e-02 -2.300000000000000100e-01
3.599999999999999867e-01 3.599999999999999867e-01 3.599999999999999867e-01 5.509999999999999787e+00 -1.000000000000000056e-01 1.700000000000000122e-01
-1.000000000000000056e-01 -8.000000000000000167e-02 -8.999999999999999667e-02 -1.000000000000000056e-01 5.269999999999999574e+00 5.899999999999999689e-01
-2.200000000000000011e-01 -2.300000000000000100e-01 -2.300000000000000100e-01 1.700000000000000122e-01 5.899999999999999689e-01 5.179999999999999716e+00
