3.750000000000000000e+00 3.319999999999999840e+00 3.319999999999999840e+00 -2.000000000000000042e-02 -2.000000000000000042e-02 0.000000000000000000e+00
3.319999999999999840e+00 3.759999999999999787e+00 3.410000000000000142e+00 -2.999999999999999889e-02 -2.999999999999999889e-02 -1.000000000000000021e-02
3.319999999999999840e+00 3.410000000000000142e+00 3.790000000000000036e+00 -2.000000000000000042e-02 -2.999999999999999889e-02 1.000000000000000021e-02
-2.000000000000000042e-02 -2.999999999999999889e-02 -2.000000000000000042e-02 4.400000000000000355e+00 1.900000000000000022e-01 -1.000000000000000056e-01
-2.000000000000000042e-02 -2.999999999999999889e-02 -2.999999999999999889e-02 1.900000000000000022e-01 4.019999999999999574e+00 -1.000000000000000021e-02
0.000000000000000000e+00 -1.000000000000000021e-02 1.000000000000000021e-02 -1.000000000000000056e-01 -1.000000000000000021e-02 4.480000000000000426e+00
