4.179999999999999716e+00 3.629999999999999893e+00 3.589999999999999858e+00 -8.000000000000000167e-02 4.000000000000000083e-02 1.000000000000000021e-02
3.629999999999999893e+00 4.179999999999999716e+00 3.640000000000000124e+00 -1.000000000000000056e-01 2.999999999999999889e-02 2.999999999999999889e-02
3.589999999999999858e+00 3.640000000000000124e+00 4.209999999999999964e+00 -8.999999999999999667e-02 4.000000000000000083e-02 2.999999999999999889e-02
-8.000000000000000167e-02 -1.000000000000000056e-01 -8.999999999999999667e-02 4.049999999999999822e+00 -1.000000000000000021e-02 4.000000000000000083e-02
4.000000000000000083e-02 2.999999999999999889e-02 4.000000000000000083e-02 -1.000000000000000021e-02 4.519999999999999574e+00 -8.999999999999999667e-02
1.000000000000000021e-02 2.999999999999999889e-02 2.999999999999999889e-02 4.000000000000000083e-02 -8.999999999999999667e-02 4.299999999999999822e+00
